,x,y,z
0,-9.747164,0.7942859999999999,0.9707939999999999
1,-9.737357999999999,0.78448,0.9707939999999999
2,-9.766775999999998,0.7354499999999999,0.990406
3,-9.756969999999999,0.813898,0.990406
4,-9.747164,0.813898,0.9707939999999999
5,-9.766775999999998,0.7354499999999999,0.9707939999999999
6,-9.766775999999998,0.7648679999999999,0.9707939999999999
7,-9.737357999999999,0.78448,0.9707939999999999
8,-9.766775999999998,0.7942859999999999,0.960988
9,-9.756969999999999,0.7942859999999999,0.960988
10,-9.766775999999998,0.7648679999999999,0.9805999999999999
11,-9.766775999999998,0.7942859999999999,0.951182
12,-9.747164,0.78448,0.9707939999999999
13,-9.756969999999999,0.7648679999999999,0.9805999999999999
14,-9.766775999999998,0.774674,0.9707939999999999
15,-9.747164,0.774674,1.0002119999999999
16,-9.747164,0.774674,0.990406
17,-9.766775999999998,0.7648679999999999,1.0002119999999999
18,-9.756969999999999,0.774674,1.0002119999999999
19,-9.747164,0.774674,0.9805999999999999
20,-9.766775999999998,0.7550619999999999,0.9805999999999999
21,-9.776582,0.7648679999999999,1.0002119999999999
22,-9.766775999999998,0.7648679999999999,1.0002119999999999
23,-9.756969999999999,0.78448,0.9805999999999999
24,-9.796194,0.7158379999999999,0.990406
25,-9.766775999999998,0.7648679999999999,0.990406
26,-9.737357999999999,0.7648679999999999,0.9707939999999999
27,-9.786387999999999,0.7354499999999999,0.990406
28,-9.766775999999998,0.7452559999999999,0.990406
29,-9.756969999999999,0.7648679999999999,0.9707939999999999
30,-9.786387999999999,0.7648679999999999,1.0100179999999999
31,-9.766775999999998,0.725644,0.9805999999999999
32,-9.747164,0.7648679999999999,0.960988
33,-9.756969999999999,0.774674,0.9805999999999999
34,-9.776582,0.774674,1.0100179999999999
35,-9.737357999999999,0.774674,1.0002119999999999
36,-9.776582,0.7354499999999999,1.0002119999999999
37,-9.766775999999998,0.7550619999999999,1.0002119999999999
38,-9.747164,0.774674,1.0002119999999999
39,-9.786387999999999,0.7158379999999999,1.0100179999999999
40,-9.766775999999998,0.7060319999999999,1.0394359999999998
41,-9.747164,0.7354499999999999,1.0198239999999998
42,-9.776582,0.7060319999999999,1.0100179999999999
43,-9.756969999999999,0.7158379999999999,1.068854
44,-9.756969999999999,0.6962259999999999,1.0492419999999998
45,-9.747164,0.63739,1.0198239999999998
46,-9.815805999999998,0.6275839999999999,1.0492419999999998
47,-9.766775999999998,0.63739,1.108078
48,-9.727552,0.647196,1.108078
49,-9.747164,0.568748,1.137496
50,-9.747164,0.63739,1.147302
51,-9.756969999999999,0.7060319999999999,1.1767199999999998
52,-9.766775999999998,0.774674,1.137496
53,-9.727552,0.7648679999999999,1.147302
54,-9.727552,0.7158379999999999,1.1276899999999999
55,-9.727552,0.7158379999999999,1.1276899999999999
56,-9.766775999999998,0.725644,1.22575
57,-9.766775999999998,0.725644,1.206138
58,-9.776582,0.6962259999999999,1.186526
59,-9.766775999999998,0.7060319999999999,1.1767199999999998
60,-9.747164,0.6177779999999999,1.1178839999999999
61,-9.825612,0.7648679999999999,1.0394359999999998
62,-9.796194,0.8923459999999999,1.0296299999999998
63,-9.815805999999998,0.9707939999999999,1.0394359999999998
64,-9.727552,0.941376,1.0492419999999998
65,-9.756969999999999,0.990406,1.0198239999999998
66,-9.531431999999999,1.088466,1.108078
67,-9.668716,1.215944,1.284586
68,-9.609879999999999,0.9119579999999999,1.1276899999999999
69,-9.756969999999999,1.56896,1.9611999999999998
70,-8.972489999999999,1.4120639999999998,1.804304
71,-8.403742,0.607972,3.62822
72,-9.90406,-1.215944,0.5785539999999999
73,-9.21764,0.274568,2.50053
74,-9.443178,-0.823704,3.981236
75,-7.776158,0.480494,3.1281139999999996
76,-8.060531999999998,-0.15689599999999998,2.637814
77,-8.040919999999998,-2.1279019999999997,3.5889959999999994
78,-8.501802,-1.627796,2.9810239999999997
79,-6.766139999999999,-1.892558,5.187374
80,-5.687479999999999,-2.3338279999999996,4.991254
81,-4.530372,-3.0692779999999997,5.93263
82,-4.7264919999999995,-4.206773999999999,5.530583999999999
83,-5.373688,-4.491148,9.16861
84,-6.118943999999999,-5.726703999999999,7.678097999999999
85,-4.010654,-6.207197999999999,8.295876
86,-4.059684,-5.814957999999999,9.835417999999999
87,-3.8145339999999996,-9.207833999999998,10.923884
88,-3.294816,-7.79577,8.962684
89,-1.186526,-6.118943999999999,6.648468
90,-3.4517119999999997,-5.98166,6.677886
91,-2.69665,-5.854181999999999,6.540602
92,-2.3338279999999996,-6.491572,7.678097999999999
93,-2.9712179999999995,-6.677886,7.099543999999999
94,-2.902576,-6.658274,6.815169999999999
95,-2.8927699999999996,-6.71711,6.628856
96,-3.206562,-7.266245999999999,6.452348
97,-2.686844,-6.883811999999999,5.903211999999999
98,-2.735874,-6.61905,6.511184
99,-3.0888899999999997,-7.0407079999999995,6.726916
100,-3.23598,-7.227021999999999,6.66808
101,-2.9123819999999996,-7.001483999999999,6.393511999999999
102,-3.030054,-6.942647999999999,6.364094
103,-3.0006359999999996,-7.119155999999999,6.236616
104,-2.9417999999999997,-7.089737999999999,6.266033999999999
105,-2.9516059999999995,-7.099543999999999,6.32487
106,-3.118308,-6.923035999999999,6.462154
107,-2.9516059999999995,-6.932841999999999,6.32487
108,-3.0594719999999995,-7.050513999999999,6.305257999999999
109,-3.010442,-6.913229999999999,6.42293
110,-2.9516059999999995,-6.923035999999999,6.3542879999999995
111,-3.0202479999999996,-6.854393999999999,6.413124
112,-3.030054,-6.883811999999999,6.4425419999999995
113,-3.079084,-6.923035999999999,6.383706
114,-3.0006359999999996,-6.824975999999999,6.413124
115,-3.0202479999999996,-6.854393999999999,6.413124
116,-2.9712179999999995,-6.903423999999999,6.413124
117,-3.010442,-6.864199999999999,6.403318
118,-3.030054,-6.893617999999999,6.4425419999999995
119,-3.0398599999999996,-6.874005999999999,6.393511999999999
120,-2.99083,-6.854393999999999,6.413124
121,-2.9516059999999995,-6.903423999999999,6.452348
122,-3.0888899999999997,-6.824975999999999,6.403318
123,-3.0006359999999996,-6.923035999999999,6.403318
124,-3.0692779999999997,-6.854393999999999,6.432735999999999
125,-2.9123819999999996,-6.883811999999999,6.4425419999999995
126,-3.0006359999999996,-6.893617999999999,6.42293
127,-2.9810239999999997,-6.854393999999999,6.413124
128,-3.0202479999999996,-6.854393999999999,6.393511999999999
129,-3.0398599999999996,-6.864199999999999,6.452348
130,-3.010442,-6.883811999999999,6.42293
131,-3.030054,-6.844587999999999,6.432735999999999
132,-2.9810239999999997,-6.893617999999999,6.393511999999999
133,-3.010442,-6.903423999999999,6.413124
134,-3.0006359999999996,-6.883811999999999,6.413124
135,-3.0594719999999995,-6.883811999999999,6.383706
136,-3.0006359999999996,-6.864199999999999,6.432735999999999
137,-3.0006359999999996,-6.844587999999999,6.42293
138,-3.010442,-6.874005999999999,6.462154
139,-3.0202479999999996,-6.903423999999999,6.403318
140,-3.010442,-6.903423999999999,6.432735999999999
141,-3.0202479999999996,-6.864199999999999,6.383706
142,-3.010442,-6.844587999999999,6.452348
143,-3.0398599999999996,-6.883811999999999,6.4425419999999995
144,-3.030054,-6.893617999999999,6.393511999999999
145,-3.0202479999999996,-6.883811999999999,6.403318
146,-2.9810239999999997,-6.903423999999999,6.432735999999999
147,-3.0202479999999996,-6.864199999999999,6.42293
148,-3.0398599999999996,-6.874005999999999,6.403318
149,-3.0202479999999996,-6.844587999999999,6.42293
150,-3.0006359999999996,-6.893617999999999,6.413124
151,-3.0202479999999996,-6.893617999999999,6.383706
152,-3.010442,-6.883811999999999,6.413124
153,-3.0202479999999996,-6.893617999999999,6.432735999999999
154,-2.9712179999999995,-6.864199999999999,6.413124
155,-3.010442,-6.874005999999999,6.413124
156,-3.030054,-6.883811999999999,6.42293
157,-3.010442,-6.854393999999999,6.403318
158,-3.0594719999999995,-6.883811999999999,6.413124
159,-3.0398599999999996,-6.864199999999999,6.42293
160,-2.9614119999999997,-6.864199999999999,6.413124
161,-3.0398599999999996,-6.874005999999999,6.4425419999999995
162,-3.0202479999999996,-6.874005999999999,6.393511999999999
163,-3.0496659999999998,-6.893617999999999,6.393511999999999
164,-3.010442,-6.864199999999999,6.42293
165,-3.0496659999999998,-6.883811999999999,6.403318
166,-2.99083,-6.883811999999999,6.413124
167,-3.0202479999999996,-6.874005999999999,6.403318
168,-3.0202479999999996,-6.864199999999999,6.413124
169,-3.010442,-6.874005999999999,6.413124
170,-3.0006359999999996,-6.844587999999999,6.413124
171,-3.010442,-6.883811999999999,6.403318
172,-3.0496659999999998,-6.893617999999999,6.413124
173,-3.030054,-6.893617999999999,6.393511999999999
174,-3.0202479999999996,-6.883811999999999,6.393511999999999
175,-2.9712179999999995,-6.883811999999999,6.42293
176,-3.0006359999999996,-6.893617999999999,6.393511999999999
177,-3.010442,-6.883811999999999,6.42293
178,-3.0202479999999996,-6.883811999999999,6.403318
179,-3.030054,-6.864199999999999,6.432735999999999
180,-3.0006359999999996,-6.883811999999999,6.403318
181,-3.0496659999999998,-6.883811999999999,6.413124
182,-2.99083,-6.903423999999999,6.393511999999999
183,-3.010442,-6.883811999999999,6.413124
184,-3.0202479999999996,-6.874005999999999,6.403318
185,-3.010442,-6.874005999999999,6.42293
186,-3.0006359999999996,-6.874005999999999,6.432735999999999
187,-3.0202479999999996,-6.864199999999999,6.403318
188,-2.99083,-6.874005999999999,6.432735999999999
189,-3.010442,-6.883811999999999,6.413124
190,-3.0202479999999996,-6.864199999999999,6.42293
191,-3.0202479999999996,-6.903423999999999,6.403318
192,-2.9810239999999997,-6.864199999999999,6.432735999999999
193,-2.9810239999999997,-6.883811999999999,6.403318
194,-3.0006359999999996,-6.874005999999999,6.432735999999999
195,-3.0202479999999996,-6.893617999999999,6.42293
196,-3.030054,-6.854393999999999,6.432735999999999
197,-3.0006359999999996,-6.854393999999999,6.432735999999999
198,-2.99083,-6.854393999999999,6.4425419999999995
199,-3.0202479999999996,-6.874005999999999,6.42293
200,-3.030054,-6.874005999999999,6.432735999999999
201,-3.010442,-6.883811999999999,6.42293
202,-3.030054,-6.883811999999999,6.42293
203,-2.99083,-6.844587999999999,6.432735999999999
204,-2.9810239999999997,-6.864199999999999,6.403318
205,-3.010442,-6.864199999999999,6.42293
206,-3.010442,-6.883811999999999,6.432735999999999
207,-3.0398599999999996,-6.864199999999999,6.432735999999999
208,-2.99083,-6.864199999999999,6.42293
209,-3.0202479999999996,-6.864199999999999,6.42293
210,-2.99083,-6.854393999999999,6.4425419999999995
211,-3.0496659999999998,-6.883811999999999,6.413124
212,-3.030054,-6.844587999999999,6.452348
213,-2.9810239999999997,-6.864199999999999,6.42293
214,-3.0398599999999996,-6.883811999999999,6.432735999999999
215,-2.9712179999999995,-6.864199999999999,6.4425419999999995
216,-3.0594719999999995,-6.854393999999999,6.432735999999999
217,-2.9810239999999997,-6.864199999999999,6.42293
218,-3.0496659999999998,-6.864199999999999,6.42293
219,-3.010442,-6.883811999999999,6.413124
220,-3.0006359999999996,-6.864199999999999,6.42293
221,-2.9712179999999995,-6.874005999999999,6.413124
222,-3.0398599999999996,-6.874005999999999,6.42293
223,-3.0006359999999996,-6.854393999999999,6.42293
224,-3.010442,-6.874005999999999,6.42293
225,-3.030054,-6.874005999999999,6.42293
226,-2.9614119999999997,-6.883811999999999,6.413124
227,-3.0202479999999996,-6.883811999999999,6.42293
228,-2.9712179999999995,-6.864199999999999,6.432735999999999
229,-3.0006359999999996,-6.864199999999999,6.413124
230,-3.010442,-6.854393999999999,6.432735999999999
231,-2.9417999999999997,-6.913229999999999,6.413124
232,-3.0202479999999996,-6.932841999999999,6.364094
233,-3.0692779999999997,-6.864199999999999,6.3739
234,-3.030054,-6.815169999999999,6.452348
235,-3.0398599999999996,-6.805363999999999,6.462154
236,-3.1085019999999997,-6.834781999999999,6.4425419999999995
237,-2.9712179999999995,-6.854393999999999,6.42293
238,-3.0398599999999996,-6.893617999999999,6.393511999999999
239,-3.0006359999999996,-6.883811999999999,6.432735999999999
