,x,y,z
0,-0.40204599999999996,10.060956,0.10786599999999999
1,-0.274568,10.031537999999998,0.08825399999999999
2,-0.333404,10.109985999999997,-0.009805999999999999
3,-0.37262799999999996,10.041343999999999,-0.039223999999999995
4,-0.37262799999999996,10.021732,0.0
5,-0.264762,9.972701999999998,0.0
6,-0.5001059999999999,10.041343999999999,-0.08825399999999999
7,-0.44126999999999994,10.041343999999999,-0.039223999999999995
8,-0.40204599999999996,10.00212,-0.019611999999999997
9,-0.323598,10.051149999999998,0.058836
10,-0.274568,10.051149999999998,-0.039223999999999995
11,-0.25495599999999996,10.060956,-0.029418
12,-0.411852,10.021732,-0.009805999999999999
13,-0.362822,10.041343999999999,-0.07844799999999999
14,-0.49029999999999996,10.031537999999998,-0.058836
15,-0.37262799999999996,9.962895999999999,-0.009805999999999999
16,-0.29417999999999994,10.031537999999998,-0.019611999999999997
17,-0.225538,10.080568,0.0
18,-0.44126999999999994,10.021732,-0.04903
19,-0.5197179999999999,10.00212,-0.225538
20,-0.6177779999999999,9.962895999999999,-0.264762
21,-0.549136,9.972701999999998,-0.25495599999999996
22,-0.44126999999999994,10.021732,-0.205926
23,-0.4216579999999999,10.109985999999997,-0.07844799999999999
24,-0.323598,10.011925999999999,-0.10786599999999999
25,-0.411852,10.149209999999998,-0.07844799999999999
26,-0.362822,9.972701999999998,0.009805999999999999
27,-0.37262799999999996,10.021732,-0.068642
28,-0.40204599999999996,10.109985999999997,-0.029418
29,-0.25495599999999996,9.972701999999998,0.029418
30,-0.274568,10.00212,0.117672
31,-0.31379199999999996,10.129597999999998,0.137284
32,-0.264762,10.051149999999998,0.17650799999999997
33,-0.323598,10.080568,0.14708999999999997
34,-0.19612,10.060956,0.15689599999999998
35,-0.17650799999999997,10.051149999999998,0.205926
36,-0.31379199999999996,10.109985999999997,0.10786599999999999
37,-0.31379199999999996,10.129597999999998,0.14708999999999997
38,-0.264762,9.992313999999999,0.19612
39,-0.284374,9.972701999999998,0.235344
40,-0.43146399999999996,10.051149999999998,-0.058836
41,-0.37262799999999996,10.051149999999998,-0.029418
42,-0.362822,10.051149999999998,-0.068642
43,-0.24514999999999998,10.051149999999998,0.019611999999999997
44,-0.235344,10.021732,0.019611999999999997
45,-0.38243399999999994,10.021732,-0.068642
46,-0.411852,10.031537999999998,-0.10786599999999999
47,-0.411852,10.051149999999998,-0.18631399999999998
48,-0.303986,10.021732,-0.12747799999999998
49,-0.31379199999999996,10.021732,-0.12747799999999998
50,-0.284374,10.011925999999999,-0.10786599999999999
51,-0.39224,10.021732,-0.10786599999999999
52,-0.323598,10.041343999999999,-0.14708999999999997
53,-0.38243399999999994,10.011925999999999,-0.10786599999999999
54,-0.5197179999999999,9.982508,-0.15689599999999998
55,-0.34321,10.00212,-0.225538
56,-0.4216579999999999,10.011925999999999,-0.19612
57,-0.38243399999999994,10.031537999999998,-0.19612
58,-0.284374,10.00212,-0.14708999999999997
59,-0.303986,10.021732,-0.19612
60,-0.39224,10.060956,-0.14708999999999997
61,-0.39224,9.992313999999999,-0.15689599999999998
62,-0.37262799999999996,10.031537999999998,-0.225538
63,-0.34321,10.031537999999998,-0.19612
64,-0.38243399999999994,10.051149999999998,-0.17650799999999997
65,-0.38243399999999994,10.00212,-0.14708999999999997
66,-0.38243399999999994,10.031537999999998,-0.14708999999999997
67,-0.411852,10.021732,-0.12747799999999998
68,-0.44126999999999994,10.031537999999998,-0.12747799999999998
69,-0.35301599999999994,10.011925999999999,-0.14708999999999997
70,-0.37262799999999996,10.060956,-0.137284
71,-0.274568,10.051149999999998,-0.058836
72,-0.323598,10.051149999999998,-0.08825399999999999
73,-0.37262799999999996,10.041343999999999,-0.10786599999999999
74,-0.40204599999999996,10.060956,-0.117672
75,-0.40204599999999996,10.021732,-0.17650799999999997
76,-0.284374,10.021732,-0.10786599999999999
77,-0.333404,10.021732,-0.12747799999999998
78,-0.4216579999999999,10.031537999999998,-0.137284
79,-0.274568,10.011925999999999,-0.09806
80,-0.225538,10.109985999999997,-0.08825399999999999
81,-0.18631399999999998,10.021732,0.039223999999999995
82,-0.21573199999999998,10.00212,-0.029418
83,-0.31379199999999996,9.982508,-0.07844799999999999
84,-0.18631399999999998,10.011925999999999,-0.205926
85,-0.25495599999999996,9.982508,-0.225538
86,-0.529524,9.992313999999999,-0.21573199999999998
87,-0.5785539999999999,10.041343999999999,-0.39224
88,-0.46088199999999996,10.00212,-0.25495599999999996
89,-0.5197179999999999,10.011925999999999,-0.166702
90,-0.284374,10.021732,-0.274568
91,-0.333404,9.972701999999998,0.0
92,-0.303986,10.070761999999998,-0.12747799999999998
93,-0.38243399999999994,10.080568,0.009805999999999999
94,-0.166702,10.237464,-0.10786599999999999
95,-0.24514999999999998,10.159016,0.04903
96,-0.284374,10.041343999999999,0.09806
97,-0.323598,10.257076,0.29417999999999994
98,-0.10786599999999999,10.119791999999999,0.29417999999999994
99,-0.568748,9.953089999999998,0.08825399999999999
100,-0.470688,9.806,-0.205926
101,-0.34321,10.00212,-0.44126999999999994
102,0.08825399999999999,10.070761999999998,-0.470688
103,1.088466,9.207833999999998,-0.647196
104,0.323598,9.913865999999999,-1.206138
105,-0.451076,9.590267999999998,-1.4316759999999997
106,-0.411852,10.139403999999999,-1.980812
107,0.7550619999999999,9.413759999999998,-1.4708999999999999
108,-0.225538,10.109985999999997,-1.5885719999999999
109,0.21573199999999998,9.658909999999999,-2.069066
110,-0.39224,9.747164,-1.559154
111,-0.137284,9.884447999999999,-1.9611999999999998
112,-0.12747799999999998,9.855029999999998,-1.9611999999999998
113,0.14708999999999997,9.835417999999999,-1.627796
114,0.35301599999999994,9.776582,-1.22575
115,0.529524,9.737357999999999,-1.2551679999999998
116,0.274568,9.864835999999999,-1.6964379999999997
117,0.10786599999999999,9.874641999999998,-1.8631399999999998
118,0.009805999999999999,9.835417999999999,-1.921976
119,0.07844799999999999,9.855029999999998,-1.4905119999999998
120,0.40204599999999996,9.874641999999998,-1.7062439999999996
121,0.34321,9.747164,-1.921976
122,0.21573199999999998,9.688327999999998,-1.8337219999999999
123,-0.225538,9.972701999999998,-1.7552739999999998
124,0.068642,9.913865999999999,-1.7356619999999998
125,0.38243399999999994,9.717745999999998,-1.5199299999999998
126,-0.15689599999999998,9.943283999999998,-1.578766
127,0.411852,9.874641999999998,-1.4905119999999998
128,0.49029999999999996,9.874641999999998,-1.461094
129,0.25495599999999996,9.806,-1.7160499999999999
130,0.10786599999999999,9.825612,-1.5101239999999998
131,0.29417999999999994,9.766775999999998,-1.539542
132,0.323598,9.953089999999998,-1.559154
133,0.284374,9.776582,-1.461094
134,0.39224,9.972701999999998,-1.4120639999999998
135,0.411852,9.845224,-1.5885719999999999
136,0.303986,9.815805999999998,-1.657214
137,0.264762,9.874641999999998,-1.4905119999999998
138,0.5001059999999999,9.884447999999999,-1.2649739999999998
139,0.39224,9.845224,-1.637602
140,0.411852,9.90406,-1.451288
141,0.40204599999999996,9.845224,-1.4316759999999997
142,0.17650799999999997,9.835417999999999,-1.676826
143,0.284374,9.835417999999999,-1.4708999999999999
144,0.303986,9.933477999999997,-1.539542
145,0.333404,9.815805999999998,-1.5885719999999999
146,0.284374,9.835417999999999,-1.5003179999999998
147,0.284374,9.874641999999998,-1.539542
148,0.323598,9.806,-1.539542
149,0.284374,9.874641999999998,-1.4120639999999998
150,0.43146399999999996,9.864835999999999,-1.4807059999999999
151,0.25495599999999996,9.864835999999999,-1.4218699999999997
152,0.264762,9.855029999999998,-1.4807059999999999
153,0.284374,9.864835999999999,-1.5003179999999998
154,0.29417999999999994,9.884447999999999,-1.4807059999999999
155,0.470688,9.815805999999998,-1.3826459999999998
156,0.4216579999999999,9.943283999999998,-1.4120639999999998
157,0.35301599999999994,9.845224,-1.5101239999999998
158,0.323598,9.864835999999999,-1.5003179999999998
159,0.264762,9.855029999999998,-1.5101239999999998
160,0.333404,9.845224,-1.559154
161,0.264762,9.815805999999998,-1.5199299999999998
162,0.37262799999999996,9.884447999999999,-1.451288
163,0.35301599999999994,9.835417999999999,-1.5003179999999998
164,0.274568,9.913865999999999,-1.4807059999999999
165,0.333404,9.825612,-1.549348
166,0.31379199999999996,9.864835999999999,-1.4807059999999999
167,0.21573199999999998,9.894253999999998,-1.549348
168,0.34321,9.864835999999999,-1.5297359999999998
169,0.34321,9.874641999999998,-1.4218699999999997
170,0.24514999999999998,9.825612,-1.6081839999999998
171,0.362822,9.796194,-1.4807059999999999
172,0.303986,9.874641999999998,-1.549348
173,0.303986,9.845224,-1.539542
174,0.34321,9.835417999999999,-1.461094
175,0.303986,9.894253999999998,-1.5101239999999998
176,0.34321,9.845224,-1.5101239999999998
177,0.39224,9.894253999999998,-1.461094
178,0.34321,9.855029999999998,-1.451288
179,0.34321,9.874641999999998,-1.3924519999999998
180,0.24514999999999998,9.855029999999998,-1.559154
181,0.264762,9.913865999999999,-1.5297359999999998
182,0.35301599999999994,9.825612,-1.5003179999999998
183,0.29417999999999994,9.874641999999998,-1.56896
184,0.284374,9.845224,-1.5199299999999998
185,0.284374,9.864835999999999,-1.5003179999999998
186,0.303986,9.864835999999999,-1.461094
187,0.37262799999999996,9.825612,-1.5003179999999998
188,0.323598,9.864835999999999,-1.4218699999999997
189,0.21573199999999998,9.894253999999998,-1.5885719999999999
190,0.34321,9.864835999999999,-1.37284
191,0.29417999999999994,9.933477999999997,-1.5297359999999998
192,0.21573199999999998,9.864835999999999,-1.5003179999999998
193,0.274568,9.913865999999999,-1.4905119999999998
194,0.29417999999999994,9.845224,-1.4905119999999998
195,0.225538,9.825612,-1.4807059999999999
196,0.34321,9.864835999999999,-1.461094
197,0.31379199999999996,9.845224,-1.5003179999999998
198,0.303986,9.923672,-1.5101239999999998
199,0.24514999999999998,9.845224,-1.539542
200,0.25495599999999996,9.884447999999999,-1.4414819999999997
201,0.25495599999999996,9.845224,-1.4708999999999999
202,0.35301599999999994,9.835417999999999,-1.363034
203,0.24514999999999998,9.933477999999997,-1.3924519999999998
204,0.323598,9.845224,-1.284586
205,0.18631399999999998,9.855029999999998,-1.559154
206,0.264762,9.874641999999998,-1.4708999999999999
207,0.264762,9.874641999999998,-1.4708999999999999
208,0.21573199999999998,9.90406,-1.4807059999999999
209,0.323598,9.864835999999999,-1.4807059999999999
210,0.25495599999999996,9.913865999999999,-1.4708999999999999
211,0.31379199999999996,9.874641999999998,-1.37284
212,0.24514999999999998,9.845224,-1.4316759999999997
213,0.25495599999999996,9.894253999999998,-1.4807059999999999
214,0.19612,9.864835999999999,-1.4218699999999997
215,0.24514999999999998,9.845224,-1.5003179999999998
216,0.166702,9.864835999999999,-1.5199299999999998
217,0.284374,9.874641999999998,-1.4905119999999998
218,0.235344,9.845224,-1.4905119999999998
219,0.17650799999999997,9.894253999999998,-1.5297359999999998
220,0.24514999999999998,9.874641999999998,-1.4905119999999998
221,0.205926,9.855029999999998,-1.4120639999999998
222,0.25495599999999996,9.894253999999998,-1.4708999999999999
223,0.225538,9.864835999999999,-1.4316759999999997
224,0.235344,9.894253999999998,-1.4316759999999997
225,0.225538,9.894253999999998,-1.4807059999999999
226,0.25495599999999996,9.855029999999998,-1.4218699999999997
227,0.25495599999999996,9.884447999999999,-1.37284
228,0.274568,9.855029999999998,-1.363034
229,0.29417999999999994,9.825612,-1.3826459999999998
230,0.333404,9.923672,-1.5199299999999998
231,0.25495599999999996,9.874641999999998,-1.5003179999999998
232,0.25495599999999996,9.874641999999998,-1.539542
233,0.31379199999999996,9.894253999999998,-1.5297359999999998
234,0.274568,9.855029999999998,-1.451288
235,0.18631399999999998,9.894253999999998,-1.4807059999999999
236,0.333404,9.894253999999998,-1.32381
237,0.17650799999999997,9.874641999999998,-1.3924519999999998
238,0.205926,9.90406,-1.3826459999999998
239,0.205926,9.874641999999998,-1.363034
240,0.205926,9.874641999999998,-1.4316759999999997
241,0.137284,9.815805999999998,-1.37284
242,-0.009805999999999999,9.90406,-1.61799
243,0.264762,9.855029999999998,-1.4316759999999997
244,0.303986,9.864835999999999,-1.461094
245,0.29417999999999994,9.913865999999999,-1.37284
246,0.4216579999999999,9.90406,-1.314004
247,0.43146399999999996,9.884447999999999,-1.304198
248,0.35301599999999994,9.864835999999999,-1.206138
249,0.225538,9.933477999999997,-1.56896
250,0.31379199999999996,9.796194,-1.4414819999999997
251,0.274568,9.845224,-1.37284
252,0.5001059999999999,9.855029999999998,-1.461094
253,0.10786599999999999,10.031537999999998,-1.91217
254,0.09806,9.806,-1.657214
255,0.117672,9.796194,-1.6964379999999997
256,0.35301599999999994,9.884447999999999,-1.5199299999999998
257,0.29417999999999994,9.894253999999998,-1.363034
258,0.37262799999999996,9.874641999999998,-1.284586
259,0.264762,9.90406,-1.333616
260,0.24514999999999998,9.913865999999999,-1.27478
261,0.25495599999999996,9.825612,-1.333616
262,0.303986,9.923672,-1.284586
263,0.24514999999999998,9.884447999999999,-1.353228
264,0.29417999999999994,9.855029999999998,-1.549348
265,0.235344,9.894253999999998,-1.294392
266,0.24514999999999998,9.855029999999998,-1.4316759999999997
267,0.274568,9.884447999999999,-1.343422
268,0.303986,9.90406,-1.3924519999999998
269,0.37262799999999996,9.884447999999999,-1.333616
270,0.29417999999999994,9.90406,-1.3826459999999998
271,0.29417999999999994,9.855029999999998,-1.333616
272,0.264762,9.90406,-1.363034
273,0.35301599999999994,9.874641999999998,-1.284586
274,0.323598,9.933477999999997,-1.37284
275,0.35301599999999994,9.874641999999998,-1.333616
276,0.24514999999999998,9.913865999999999,-1.4316759999999997
277,0.235344,9.884447999999999,-1.4414819999999997
278,0.29417999999999994,9.874641999999998,-1.3826459999999998
279,0.264762,9.864835999999999,-1.32381
280,0.225538,9.874641999999998,-1.37284
281,0.333404,9.884447999999999,-1.304198
282,0.205926,9.90406,-1.3924519999999998
283,0.235344,9.874641999999998,-1.37284
284,0.25495599999999996,9.90406,-1.4218699999999997
285,0.225538,9.90406,-1.5297359999999998
286,0.303986,9.874641999999998,-1.3826459999999998
287,0.15689599999999998,9.894253999999998,-1.4807059999999999
288,0.323598,9.835417999999999,-1.333616
289,0.235344,9.894253999999998,-1.353228
290,0.19612,9.884447999999999,-1.3924519999999998
291,0.284374,9.90406,-1.353228
292,0.274568,9.864835999999999,-1.3826459999999998
293,0.274568,9.864835999999999,-1.32381
294,0.35301599999999994,9.874641999999998,-1.3826459999999998
295,0.323598,9.874641999999998,-1.343422
296,0.303986,9.90406,-1.2649739999999998
297,0.29417999999999994,9.894253999999998,-1.3924519999999998
298,0.284374,9.874641999999998,-1.333616
299,0.15689599999999998,9.874641999999998,-1.4120639999999998
300,0.31379199999999996,9.884447999999999,-1.343422
301,0.333404,9.884447999999999,-1.3924519999999998
302,0.21573199999999998,9.884447999999999,-1.4316759999999997
303,0.235344,9.90406,-1.37284
304,0.235344,9.884447999999999,-1.3826459999999998
305,0.29417999999999994,9.874641999999998,-1.304198
306,0.35301599999999994,9.864835999999999,-1.314004
307,0.31379199999999996,9.913865999999999,-1.2355559999999999
308,0.24514999999999998,9.864835999999999,-1.353228
309,0.18631399999999998,9.90406,-1.4316759999999997
310,0.21573199999999998,9.894253999999998,-1.4708999999999999
311,0.303986,9.884447999999999,-1.2649739999999998
312,0.303986,9.894253999999998,-1.3924519999999998
313,0.29417999999999994,9.894253999999998,-1.343422
314,0.29417999999999994,9.90406,-1.4120639999999998
315,0.25495599999999996,9.90406,-1.353228
316,0.25495599999999996,9.874641999999998,-1.304198
317,0.264762,9.894253999999998,-1.4218699999999997
318,0.37262799999999996,9.894253999999998,-1.1669139999999998
319,0.235344,9.923672,-1.353228
320,0.362822,9.864835999999999,-1.294392
321,0.264762,9.894253999999998,-1.4022579999999998
322,0.323598,9.884447999999999,-1.2551679999999998
323,0.264762,9.884447999999999,-1.333616
324,0.284374,9.894253999999998,-1.37284
325,0.24514999999999998,9.90406,-1.363034
326,0.29417999999999994,9.884447999999999,-1.304198
327,0.284374,9.90406,-1.37284
328,0.333404,9.855029999999998,-1.32381
329,0.29417999999999994,9.864835999999999,-1.363034
330,0.29417999999999994,9.874641999999998,-1.343422
331,0.29417999999999994,9.884447999999999,-1.343422
332,0.333404,9.864835999999999,-1.284586
333,0.264762,9.894253999999998,-1.4120639999999998
334,0.31379199999999996,9.874641999999998,-1.314004
335,0.25495599999999996,9.894253999999998,-1.37284
336,0.274568,9.874641999999998,-1.27478
337,0.323598,9.90406,-1.284586
338,0.284374,9.913865999999999,-1.32381
339,0.29417999999999994,9.894253999999998,-1.304198
340,0.31379199999999996,9.913865999999999,-1.27478
341,0.284374,9.864835999999999,-1.4120639999999998
342,0.24514999999999998,9.923672,-1.4022579999999998
343,0.274568,9.874641999999998,-1.353228
344,0.29417999999999994,9.923672,-1.333616
345,0.34321,9.864835999999999,-1.2649739999999998
346,0.235344,9.90406,-1.3826459999999998
347,0.284374,9.90406,-1.4218699999999997
348,0.37262799999999996,9.864835999999999,-1.2453619999999999
349,0.284374,9.913865999999999,-1.3924519999999998
350,0.323598,9.884447999999999,-1.27478
351,0.303986,9.874641999999998,-1.3826459999999998
352,0.303986,9.90406,-1.304198
353,0.264762,9.894253999999998,-1.314004
354,0.303986,9.884447999999999,-1.37284
355,0.303986,9.864835999999999,-1.32381
356,0.35301599999999994,9.855029999999998,-1.363034
357,0.205926,9.884447999999999,-1.4120639999999998
358,0.24514999999999998,9.855029999999998,-1.4120639999999998
359,0.34321,9.874641999999998,-1.4120639999999998
360,0.29417999999999994,9.90406,-1.3924519999999998
361,0.225538,9.855029999999998,-1.343422
362,0.31379199999999996,9.874641999999998,-1.4708999999999999
363,0.235344,9.90406,-1.4022579999999998
364,0.25495599999999996,9.855029999999998,-1.451288
365,0.323598,9.90406,-1.37284
366,0.303986,9.894253999999998,-1.3826459999999998
367,0.29417999999999994,9.884447999999999,-1.451288
368,0.333404,9.874641999999998,-1.37284
369,0.303986,9.864835999999999,-1.37284
370,0.264762,9.884447999999999,-1.451288
371,0.284374,9.874641999999998,-1.294392
372,0.29417999999999994,9.913865999999999,-1.4708999999999999
373,0.34321,9.884447999999999,-1.3826459999999998
374,0.19612,9.864835999999999,-1.4807059999999999
375,0.264762,9.913865999999999,-1.4316759999999997
376,0.274568,9.845224,-1.37284
377,0.274568,9.894253999999998,-1.3826459999999998
378,0.323598,9.855029999999998,-1.363034
379,0.284374,9.884447999999999,-1.3826459999999998
380,0.21573199999999998,9.845224,-1.4022579999999998
381,0.333404,9.884447999999999,-1.3924519999999998
382,0.303986,9.874641999999998,-1.3826459999999998
383,0.284374,9.884447999999999,-1.314004
384,0.323598,9.864835999999999,-1.37284
385,0.225538,9.894253999999998,-1.4414819999999997
386,0.225538,9.894253999999998,-1.4120639999999998
387,0.31379199999999996,9.884447999999999,-1.3826459999999998
388,0.21573199999999998,9.884447999999999,-1.343422
389,0.34321,9.90406,-1.363034
390,0.37262799999999996,9.864835999999999,-1.284586
391,0.31379199999999996,9.913865999999999,-1.353228
392,0.323598,9.845224,-1.304198
393,0.31379199999999996,9.884447999999999,-1.4120639999999998
394,0.264762,9.90406,-1.294392
395,0.264762,9.864835999999999,-1.314004
396,0.35301599999999994,9.894253999999998,-1.37284
397,0.25495599999999996,9.884447999999999,-1.363034
398,0.34321,9.855029999999998,-1.363034
399,0.284374,9.894253999999998,-1.451288
400,0.31379199999999996,9.855029999999998,-1.314004
401,0.303986,9.90406,-1.37284
402,0.323598,9.874641999999998,-1.353228
403,0.34321,9.894253999999998,-1.353228
404,0.29417999999999994,9.874641999999998,-1.353228
405,0.274568,9.884447999999999,-1.4022579999999998
406,0.274568,9.90406,-1.353228
407,0.34321,9.884447999999999,-1.343422
408,0.303986,9.894253999999998,-1.3826459999999998
409,0.362822,9.874641999999998,-1.363034
410,0.284374,9.884447999999999,-1.4120639999999998
411,0.264762,9.884447999999999,-1.314004
412,0.333404,9.884447999999999,-1.333616
413,0.34321,9.835417999999999,-1.284586
414,0.264762,9.913865999999999,-1.37284
415,0.31379199999999996,9.864835999999999,-1.353228
416,0.284374,9.884447999999999,-1.32381
417,0.31379199999999996,9.874641999999998,-1.343422
418,0.333404,9.855029999999998,-1.27478
419,0.37262799999999996,9.894253999999998,-1.353228
420,0.333404,9.894253999999998,-1.333616
421,0.264762,9.894253999999998,-1.304198
422,0.29417999999999994,9.90406,-1.343422
423,0.35301599999999994,9.894253999999998,-1.22575
424,0.323598,9.90406,-1.2453619999999999
425,0.303986,9.943283999999998,-1.363034
426,0.34321,9.864835999999999,-1.2453619999999999
427,0.284374,9.913865999999999,-1.3826459999999998
428,0.264762,9.90406,-1.333616
429,0.362822,9.90406,-1.343422
430,0.24514999999999998,9.90406,-1.37284
431,0.333404,9.874641999999998,-1.343422
432,0.34321,9.90406,-1.314004
433,0.274568,9.874641999999998,-1.343422
434,0.333404,9.884447999999999,-1.304198
435,0.29417999999999994,9.90406,-1.304198
436,0.35301599999999994,9.855029999999998,-1.363034
437,0.323598,9.913865999999999,-1.37284
438,0.38243399999999994,9.845224,-1.2551679999999998
439,0.333404,9.913865999999999,-1.32381
440,0.264762,9.874641999999998,-1.353228
441,0.303986,9.913865999999999,-1.353228
442,0.284374,9.864835999999999,-1.37284
443,0.31379199999999996,9.894253999999998,-1.294392
444,0.284374,9.884447999999999,-1.37284
445,0.333404,9.884447999999999,-1.3924519999999998
446,0.323598,9.913865999999999,-1.27478
447,0.323598,9.884447999999999,-1.37284
448,0.31379199999999996,9.913865999999999,-1.343422
449,0.29417999999999994,9.874641999999998,-1.314004
450,0.34321,9.923672,-1.363034
451,0.37262799999999996,9.855029999999998,-1.294392
452,0.29417999999999994,9.933477999999997,-1.343422
453,0.303986,9.913865999999999,-1.294392
454,0.303986,9.864835999999999,-1.363034
455,0.31379199999999996,9.913865999999999,-1.314004
456,0.303986,9.894253999999998,-1.343422
457,0.37262799999999996,9.864835999999999,-1.314004
458,0.284374,9.913865999999999,-1.3826459999999998
459,0.362822,9.864835999999999,-1.343422
460,0.25495599999999996,9.894253999999998,-1.4120639999999998
461,0.31379199999999996,9.864835999999999,-1.363034
462,0.34321,9.884447999999999,-1.4414819999999997
463,0.29417999999999994,9.874641999999998,-1.333616
464,0.31379199999999996,9.855029999999998,-1.4120639999999998
465,0.39224,9.913865999999999,-1.363034
466,0.225538,9.864835999999999,-1.353228
467,0.24514999999999998,9.884447999999999,-1.4316759999999997
468,0.264762,9.874641999999998,-1.4708999999999999
469,0.264762,9.884447999999999,-1.4022579999999998
470,0.274568,9.845224,-1.3924519999999998
471,0.34321,9.874641999999998,-1.304198
472,0.235344,9.835417999999999,-1.4414819999999997
473,0.18631399999999998,9.864835999999999,-1.4022579999999998
474,0.362822,9.894253999999998,-1.4708999999999999
475,0.39224,9.825612,-1.2649739999999998
476,0.29417999999999994,9.923672,-1.4218699999999997
477,0.38243399999999994,9.825612,-1.3826459999999998
478,0.284374,9.884447999999999,-1.451288
479,0.303986,9.864835999999999,-1.451288
480,0.323598,9.874641999999998,-1.353228
481,0.333404,9.874641999999998,-1.4316759999999997
482,0.34321,9.913865999999999,-1.353228
483,0.35301599999999994,9.835417999999999,-1.4316759999999997
484,0.205926,9.894253999999998,-1.5101239999999998
485,0.29417999999999994,9.835417999999999,-1.451288
486,0.39224,9.835417999999999,-1.32381
487,0.18631399999999998,9.894253999999998,-1.461094
488,0.225538,9.864835999999999,-1.3826459999999998
489,0.284374,9.884447999999999,-1.4807059999999999
490,0.24514999999999998,9.864835999999999,-1.4316759999999997
491,0.362822,9.855029999999998,-1.3924519999999998
492,0.29417999999999994,9.884447999999999,-1.353228
493,0.284374,9.835417999999999,-1.3826459999999998
494,0.17650799999999997,9.845224,-1.5297359999999998
495,0.264762,9.894253999999998,-1.3826459999999998
496,0.24514999999999998,9.894253999999998,-1.4120639999999998
497,0.43146399999999996,9.864835999999999,-1.304198
498,0.29417999999999994,9.864835999999999,-1.4316759999999997
499,0.303986,9.894253999999998,-1.4218699999999997
500,0.29417999999999994,9.845224,-1.37284
501,0.34321,9.894253999999998,-1.4218699999999997
502,0.29417999999999994,9.874641999999998,-1.4218699999999997
503,0.34321,9.845224,-1.363034
504,0.34321,9.894253999999998,-1.4316759999999997
505,0.274568,9.845224,-1.4708999999999999
506,0.323598,9.864835999999999,-1.461094
507,0.303986,9.874641999999998,-1.4708999999999999
508,0.29417999999999994,9.894253999999998,-1.5199299999999998
509,0.274568,9.835417999999999,-1.4414819999999997
510,0.34321,9.894253999999998,-1.4807059999999999
511,0.4216579999999999,9.855029999999998,-1.4022579999999998
512,0.274568,9.864835999999999,-1.4708999999999999
513,0.24514999999999998,9.864835999999999,-1.4708999999999999
514,0.303986,9.835417999999999,-1.4316759999999997
515,0.333404,9.884447999999999,-1.461094
516,0.362822,9.825612,-1.3826459999999998
517,0.323598,9.884447999999999,-1.5101239999999998
518,0.274568,9.855029999999998,-1.4218699999999997
519,0.29417999999999994,9.855029999999998,-1.549348
520,0.362822,9.864835999999999,-1.4120639999999998
521,0.37262799999999996,9.845224,-1.4807059999999999
522,0.303986,9.874641999999998,-1.5199299999999998
523,0.225538,9.864835999999999,-1.4708999999999999
524,0.225538,9.845224,-1.5297359999999998
525,0.264762,9.864835999999999,-1.4905119999999998
526,0.38243399999999994,9.874641999999998,-1.4022579999999998
527,0.284374,9.864835999999999,-1.4120639999999998
528,0.24514999999999998,9.855029999999998,-1.539542
529,0.323598,9.874641999999998,-1.4905119999999998
530,0.303986,9.855029999999998,-1.4316759999999997
531,0.284374,9.835417999999999,-1.5003179999999998
532,0.25495599999999996,9.855029999999998,-1.5003179999999998
533,0.29417999999999994,9.796194,-1.4905119999999998
534,0.25495599999999996,9.894253999999998,-1.4708999999999999
535,0.34321,9.825612,-1.3924519999999998
536,0.29417999999999994,9.884447999999999,-1.4807059999999999
537,0.323598,9.855029999999998,-1.461094
538,0.34321,9.855029999999998,-1.4708999999999999
539,0.362822,9.864835999999999,-1.451288
540,0.21573199999999998,9.845224,-1.5101239999999998
541,0.264762,9.855029999999998,-1.4316759999999997
542,0.323598,9.835417999999999,-1.5101239999999998
543,0.333404,9.874641999999998,-1.4414819999999997
544,0.284374,9.864835999999999,-1.451288
545,0.303986,9.864835999999999,-1.4708999999999999
546,0.34321,9.835417999999999,-1.353228
547,0.29417999999999994,9.894253999999998,-1.461094
548,0.303986,9.864835999999999,-1.4316759999999997
549,0.31379199999999996,9.874641999999998,-1.3924519999999998
550,0.264762,9.864835999999999,-1.4807059999999999
551,0.323598,9.855029999999998,-1.4708999999999999
552,0.303986,9.864835999999999,-1.4218699999999997
553,0.34321,9.874641999999998,-1.37284
554,0.284374,9.894253999999998,-1.4218699999999997
555,0.24514999999999998,9.835417999999999,-1.451288
556,0.333404,9.913865999999999,-1.4807059999999999
557,0.264762,9.864835999999999,-1.3924519999999998
558,0.40204599999999996,9.874641999999998,-1.363034
559,0.323598,9.894253999999998,-1.4905119999999998
560,0.264762,9.825612,-1.363034
561,0.24514999999999998,9.855029999999998,-1.539542
562,0.235344,9.884447999999999,-1.363034
563,0.4216579999999999,9.864835999999999,-1.4316759999999997
564,0.39224,9.864835999999999,-1.3826459999999998
565,0.274568,9.855029999999998,-1.4708999999999999
566,0.37262799999999996,9.845224,-1.4414819999999997
567,0.25495599999999996,9.884447999999999,-1.4316759999999997
568,0.39224,9.874641999999998,-1.333616
569,0.323598,9.913865999999999,-1.4120639999999998
570,0.264762,9.855029999999998,-1.461094
571,0.274568,9.894253999999998,-1.5101239999999998
572,0.35301599999999994,9.864835999999999,-1.3924519999999998
573,0.284374,9.894253999999998,-1.4316759999999997
574,0.235344,9.894253999999998,-1.56896
575,0.39224,9.806,-1.4022579999999998
576,0.29417999999999994,9.864835999999999,-1.3826459999999998
577,0.284374,9.855029999999998,-1.4807059999999999
578,0.35301599999999994,9.845224,-1.37284
579,0.29417999999999994,9.913865999999999,-1.4414819999999997
580,0.264762,9.855029999999998,-1.4316759999999997
581,0.35301599999999994,9.874641999999998,-1.5003179999999998
582,0.323598,9.845224,-1.4120639999999998
583,0.284374,9.825612,-1.4708999999999999
584,0.323598,9.894253999999998,-1.4708999999999999
585,0.303986,9.796194,-1.4414819999999997
586,0.274568,9.90406,-1.5003179999999998
587,0.29417999999999994,9.825612,-1.4120639999999998
588,0.34321,9.884447999999999,-1.4316759999999997
589,0.274568,9.855029999999998,-1.451288
590,0.333404,9.845224,-1.5199299999999998
591,0.31379199999999996,9.835417999999999,-1.4708999999999999
592,0.17650799999999997,9.90406,-1.549348
593,0.37262799999999996,9.806,-1.4414819999999997
594,0.29417999999999994,9.874641999999998,-1.4905119999999998
595,0.34321,9.855029999999998,-1.451288
596,0.284374,9.825612,-1.4414819999999997
597,0.24514999999999998,9.845224,-1.539542
598,0.274568,9.864835999999999,-1.5101239999999998
599,0.31379199999999996,9.874641999999998,-1.4708999999999999
600,0.225538,9.874641999999998,-1.5101239999999998
601,0.274568,9.845224,-1.4905119999999998
602,0.25495599999999996,9.864835999999999,-1.451288
603,0.362822,9.894253999999998,-1.5003179999999998
604,0.323598,9.894253999999998,-1.451288
605,0.284374,9.855029999999998,-1.549348
606,0.34321,9.864835999999999,-1.4708999999999999
607,0.303986,9.855029999999998,-1.4316759999999997
608,0.264762,9.845224,-1.461094
609,0.25495599999999996,9.90406,-1.4905119999999998
610,0.29417999999999994,9.845224,-1.451288
611,0.225538,9.884447999999999,-1.4708999999999999
612,0.362822,9.845224,-1.451288
613,0.303986,9.855029999999998,-1.5003179999999998
614,0.35301599999999994,9.874641999999998,-1.4218699999999997
615,0.323598,9.835417999999999,-1.4807059999999999
616,0.24514999999999998,9.894253999999998,-1.5297359999999998
617,0.264762,9.845224,-1.5003179999999998
618,0.264762,9.884447999999999,-1.549348
619,0.323598,9.845224,-1.4905119999999998
620,0.34321,9.874641999999998,-1.4120639999999998
621,0.24514999999999998,9.874641999999998,-1.5101239999999998
622,0.21573199999999998,9.825612,-1.549348
623,0.333404,9.864835999999999,-1.3924519999999998
624,0.333404,9.864835999999999,-1.4316759999999997
625,0.39224,9.845224,-1.3826459999999998
626,0.274568,9.884447999999999,-1.5003179999999998
627,0.333404,9.835417999999999,-1.4414819999999997
628,0.284374,9.884447999999999,-1.5003179999999998
629,0.323598,9.825612,-1.4120639999999998
630,0.264762,9.874641999999998,-1.4022579999999998
631,0.264762,9.825612,-1.4807059999999999
632,0.303986,9.874641999999998,-1.461094
633,0.284374,9.874641999999998,-1.578766
634,0.31379199999999996,9.894253999999998,-1.4905119999999998
635,0.362822,9.845224,-1.4807059999999999
636,0.29417999999999994,9.864835999999999,-1.4316759999999997
637,0.303986,9.855029999999998,-1.4905119999999998
638,0.31379199999999996,9.864835999999999,-1.451288
639,0.284374,9.874641999999998,-1.3826459999999998
640,0.35301599999999994,9.835417999999999,-1.451288
641,0.34321,9.884447999999999,-1.461094
642,0.284374,9.835417999999999,-1.4414819999999997
643,0.284374,9.90406,-1.5101239999999998
644,0.31379199999999996,9.864835999999999,-1.5297359999999998
645,0.31379199999999996,9.864835999999999,-1.4414819999999997
646,0.34321,9.864835999999999,-1.451288
647,0.274568,9.864835999999999,-1.461094
648,0.303986,9.855029999999998,-1.4022579999999998
649,0.34321,9.894253999999998,-1.5297359999999998
650,0.362822,9.825612,-1.4316759999999997
651,0.235344,9.864835999999999,-1.549348
652,0.362822,9.855029999999998,-1.5003179999999998
653,0.411852,9.835417999999999,-1.4414819999999997
654,0.40204599999999996,9.864835999999999,-1.461094
655,0.235344,9.874641999999998,-1.4905119999999998
656,0.225538,9.825612,-1.5101239999999998
657,0.235344,9.855029999999998,-1.461094
658,0.323598,9.825612,-1.4120639999999998
659,0.411852,9.894253999999998,-1.4414819999999997
660,0.29417999999999994,9.855029999999998,-1.559154
661,0.137284,9.874641999999998,-1.627796
662,0.37262799999999996,9.835417999999999,-1.4807059999999999
663,0.25495599999999996,9.874641999999998,-1.5199299999999998
664,0.323598,9.874641999999998,-1.4120639999999998
665,0.333404,9.874641999999998,-1.5003179999999998
666,0.274568,9.845224,-1.5885719999999999
667,0.274568,9.845224,-1.5885719999999999
668,0.40204599999999996,9.815805999999998,-1.4218699999999997
669,0.29417999999999994,9.747164,-1.578766
670,0.264762,9.796194,-1.6866319999999997
671,0.019611999999999997,9.796194,-1.7846919999999997
672,0.039223999999999995,9.835417999999999,-1.7062439999999996
673,0.35301599999999994,9.806,-1.7552739999999998
674,0.137284,9.756969999999999,-1.637602
675,0.264762,9.717745999999998,-1.2649739999999998
676,0.15689599999999998,9.923672,-1.22575
677,-0.019611999999999997,9.884447999999999,-0.960988
678,0.0,9.933477999999997,-1.0100179999999999
679,-0.137284,9.992313999999999,-0.725644
680,0.15689599999999998,9.835417999999999,-0.5785539999999999
681,0.284374,9.953089999999998,-0.49029999999999996
682,0.25495599999999996,10.19824,-0.480494
683,0.35301599999999994,9.943283999999998,-0.4216579999999999
684,0.18631399999999998,10.021732,-0.15689599999999998
685,0.04903,10.10018,-0.019611999999999997
686,0.49029999999999996,10.060956,-0.137284
687,0.411852,10.021732,0.0
688,0.058836,9.972701999999998,-0.058836
689,0.039223999999999995,10.208045999999998,-0.137284
690,0.24514999999999998,9.864835999999999,-0.166702
691,0.166702,10.139403999999999,-0.264762
692,-0.14708999999999997,9.953089999999998,-0.21573199999999998
693,0.058836,10.060956,-0.18631399999999998
694,0.49029999999999996,10.00212,0.166702
695,-0.137284,10.159016,-0.31379199999999996
696,0.5883599999999999,9.943283999999998,0.137284
697,0.17650799999999997,10.060956,-0.362822
698,0.10786599999999999,10.188433999999999,-0.19612
699,0.0,10.080568,-0.17650799999999997
700,0.205926,9.982508,0.15689599999999998
701,0.235344,10.149209999999998,-0.009805999999999999
702,-0.039223999999999995,10.031537999999998,0.039223999999999995
703,0.15689599999999998,10.070761999999998,0.17650799999999997
704,0.19612,9.933477999999997,0.009805999999999999
705,0.029418,10.227657999999998,0.07844799999999999
706,0.19612,10.021732,0.24514999999999998
707,0.0,9.962895999999999,0.0
708,-0.068642,9.992313999999999,0.068642
709,0.08825399999999999,9.943283999999998,-0.009805999999999999
710,-0.274568,10.188433999999999,-0.137284
711,-0.12747799999999998,10.168821999999999,-0.21573199999999998
712,-0.166702,9.943283999999998,0.0
713,-0.31379199999999996,9.874641999999998,0.04903
714,-0.166702,10.119791999999999,0.039223999999999995
715,-0.19612,9.982508,0.039223999999999995
716,-0.284374,10.041343999999999,-0.117672
717,-0.18631399999999998,10.00212,-0.039223999999999995
718,-0.12747799999999998,10.041343999999999,0.10786599999999999
719,0.08825399999999999,9.933477999999997,0.12747799999999998
720,-0.17650799999999997,10.149209999999998,-0.019611999999999997
721,0.12747799999999998,9.962895999999999,0.0
722,-0.19612,10.129597999999998,-0.10786599999999999
723,-0.264762,9.933477999999997,0.08825399999999999
724,-0.17650799999999997,9.982508,0.12747799999999998
725,-0.19612,10.10018,0.029418
726,-0.15689599999999998,9.982508,0.019611999999999997
727,-0.264762,10.227657999999998,0.12747799999999998
728,0.019611999999999997,9.90406,0.039223999999999995
729,-0.990406,10.041343999999999,0.039223999999999995
730,-0.813898,10.021732,0.12747799999999998
731,-0.53933,9.90406,0.303986
732,-0.009805999999999999,9.923672,0.34321
733,-0.6962259999999999,10.090373999999999,0.284374
734,-0.18631399999999998,9.962895999999999,0.35301599999999994
735,-0.14708999999999997,10.031537999999998,0.19612
736,-0.25495599999999996,10.149209999999998,0.274568
737,-0.117672,10.060956,0.235344
738,-0.362822,10.031537999999998,0.29417999999999994
739,-0.08825399999999999,10.139403999999999,0.274568
740,-0.21573199999999998,10.021732,0.35301599999999994
741,0.137284,10.051149999999998,0.529524
742,-0.411852,10.021732,0.31379199999999996
743,-0.529524,10.070761999999998,0.333404
744,0.04903,10.00212,0.303986
745,-0.225538,10.00212,0.25495599999999996
746,-0.009805999999999999,9.972701999999998,0.14708999999999997
747,-0.37262799999999996,10.060956,0.284374
748,-0.303986,10.021732,0.0
749,-0.205926,10.109985999999997,0.09806
750,0.009805999999999999,10.070761999999998,0.14708999999999997
751,-0.411852,10.090373999999999,0.21573199999999998
752,0.058836,10.00212,0.21573199999999998
753,-0.235344,10.080568,0.451076
754,-0.08825399999999999,10.011925999999999,0.39224
755,-0.08825399999999999,9.962895999999999,0.53933
756,-0.44126999999999994,10.109985999999997,0.303986
757,-0.17650799999999997,10.00212,0.323598
758,-0.284374,10.041343999999999,0.411852
759,-0.303986,10.10018,0.303986
760,-0.137284,10.031537999999998,0.235344
761,-0.264762,10.011925999999999,0.323598
762,-0.37262799999999996,10.051149999999998,0.205926
763,-0.31379199999999996,10.021732,0.19612
764,-0.21573199999999998,10.060956,0.24514999999999998
765,-0.225538,10.00212,0.24514999999999998
766,-0.37262799999999996,10.060956,0.25495599999999996
767,-0.10786599999999999,10.041343999999999,0.18631399999999998
768,-0.15689599999999998,10.041343999999999,0.14708999999999997
769,-0.24514999999999998,10.051149999999998,0.18631399999999998
770,-0.21573199999999998,9.982508,0.225538
771,-0.323598,10.051149999999998,0.303986
772,-0.235344,10.031537999999998,0.166702
773,-0.09806,10.051149999999998,0.29417999999999994
774,-0.137284,10.041343999999999,0.25495599999999996
775,-0.225538,10.060956,0.29417999999999994
776,-0.264762,10.031537999999998,0.225538
777,-0.10786599999999999,10.00212,0.21573199999999998
778,-0.4216579999999999,10.080568,0.264762
779,-0.12747799999999998,10.00212,0.303986
780,-0.264762,10.070761999999998,0.31379199999999996
781,-0.14708999999999997,10.051149999999998,0.29417999999999994
782,-0.35301599999999994,10.090373999999999,0.303986
783,-0.205926,10.060956,0.303986
784,-0.274568,10.00212,0.25495599999999996
785,-0.166702,10.031537999999998,0.284374
786,-0.323598,10.031537999999998,0.303986
787,-0.068642,10.051149999999998,0.303986
788,-0.24514999999999998,10.090373999999999,0.38243399999999994
789,-0.25495599999999996,10.021732,0.274568
790,-0.205926,10.090373999999999,0.35301599999999994
791,-0.303986,10.021732,0.264762
792,-0.264762,10.011925999999999,0.35301599999999994
793,-0.10786599999999999,10.041343999999999,0.451076
794,-0.303986,10.070761999999998,0.40204599999999996
795,-0.15689599999999998,10.00212,0.35301599999999994
796,-0.333404,10.080568,0.38243399999999994
797,-0.21573199999999998,10.00212,0.35301599999999994
798,-0.21573199999999998,10.070761999999998,0.44126999999999994
799,-0.17650799999999997,10.021732,0.38243399999999994
800,-0.29417999999999994,10.051149999999998,0.31379199999999996
801,-0.117672,10.031537999999998,0.39224
802,-0.38243399999999994,10.051149999999998,0.323598
803,-0.21573199999999998,10.041343999999999,0.323598
804,-0.205926,10.021732,0.38243399999999994
805,-0.274568,10.041343999999999,0.24514999999999998
806,-0.24514999999999998,10.031537999999998,0.35301599999999994
807,-0.25495599999999996,10.021732,0.264762
808,-0.205926,10.041343999999999,0.362822
809,-0.323598,10.070761999999998,0.333404
810,-0.117672,10.011925999999999,0.38243399999999994
811,-0.166702,10.060956,0.411852
812,-0.205926,10.090373999999999,0.35301599999999994
813,-0.17650799999999997,9.982508,0.411852
814,-0.21573199999999998,10.021732,0.362822
815,-0.264762,10.041343999999999,0.333404
816,-0.333404,10.070761999999998,0.29417999999999994
817,-0.25495599999999996,10.021732,0.333404
818,-0.19612,10.070761999999998,0.29417999999999994
819,-0.274568,10.041343999999999,0.264762
820,-0.235344,10.011925999999999,0.39224
821,-0.205926,10.070761999999998,0.35301599999999994
822,-0.24514999999999998,10.021732,0.24514999999999998
823,-0.21573199999999998,10.021732,0.274568
824,-0.235344,10.051149999999998,0.284374
825,-0.225538,10.021732,0.18631399999999998
826,-0.18631399999999998,10.021732,0.24514999999999998
827,-0.284374,10.060956,0.29417999999999994
828,-0.12747799999999998,9.992313999999999,0.235344
829,-0.24514999999999998,10.070761999999998,0.333404
830,-0.18631399999999998,10.00212,0.274568
831,-0.17650799999999997,10.041343999999999,0.29417999999999994
832,-0.274568,10.021732,0.303986
833,-0.15689599999999998,10.051149999999998,0.303986
834,-0.31379199999999996,10.031537999999998,0.323598
835,-0.225538,10.051149999999998,0.25495599999999996
836,-0.264762,10.021732,0.29417999999999994
837,-0.25495599999999996,10.041343999999999,0.264762
838,-0.205926,10.051149999999998,0.31379199999999996
839,-0.29417999999999994,10.021732,0.235344
840,-0.137284,10.021732,0.323598
841,-0.225538,10.041343999999999,0.34321
842,-0.31379199999999996,10.041343999999999,0.21573199999999998
843,-0.205926,10.021732,0.31379199999999996
844,-0.235344,10.041343999999999,0.25495599999999996
845,-0.235344,10.041343999999999,0.24514999999999998
846,-0.235344,10.011925999999999,0.323598
847,-0.19612,10.060956,0.235344
848,-0.19612,10.051149999999998,0.284374
849,-0.35301599999999994,10.021732,0.24514999999999998
850,-0.235344,10.041343999999999,0.29417999999999994
851,-0.225538,10.021732,0.21573199999999998
852,-0.19612,10.109985999999997,0.205926
853,-0.14708999999999997,10.021732,0.31379199999999996
854,-0.24514999999999998,10.051149999999998,0.21573199999999998
855,-0.24514999999999998,10.031537999999998,0.264762
856,-0.29417999999999994,10.021732,0.17650799999999997
857,-0.21573199999999998,10.060956,0.274568
858,-0.24514999999999998,10.00212,0.18631399999999998
859,-0.235344,10.070761999999998,0.284374
860,-0.29417999999999994,10.011925999999999,0.25495599999999996
861,-0.19612,10.10018,0.264762
862,-0.235344,10.031537999999998,0.29417999999999994
863,-0.333404,10.051149999999998,0.166702
864,-0.19612,10.041343999999999,0.31379199999999996
865,-0.24514999999999998,10.021732,0.235344
866,-0.225538,10.070761999999998,0.303986
867,-0.14708999999999997,10.031537999999998,0.29417999999999994
868,-0.264762,10.060956,0.25495599999999996
869,-0.166702,10.031537999999998,0.303986
870,-0.25495599999999996,10.011925999999999,0.284374
871,-0.264762,10.051149999999998,0.19612
872,-0.205926,10.041343999999999,0.303986
873,-0.25495599999999996,10.031537999999998,0.205926
874,-0.31379199999999996,10.041343999999999,0.18631399999999998
875,-0.205926,10.031537999999998,0.24514999999999998
876,-0.225538,10.021732,0.29417999999999994
877,-0.284374,10.041343999999999,0.235344
878,-0.15689599999999998,10.021732,0.264762
879,-0.21573199999999998,10.041343999999999,0.303986
880,-0.284374,10.060956,0.17650799999999997
881,-0.225538,10.031537999999998,0.25495599999999996
882,-0.21573199999999998,10.041343999999999,0.21573199999999998
883,-0.24514999999999998,10.031537999999998,0.21573199999999998
884,-0.235344,10.031537999999998,0.235344
885,-0.25495599999999996,10.051149999999998,0.235344
886,-0.18631399999999998,10.021732,0.21573199999999998
887,-0.19612,10.041343999999999,0.284374
888,-0.264762,10.011925999999999,0.24514999999999998
889,-0.205926,10.070761999999998,0.235344
890,-0.24514999999999998,10.021732,0.24514999999999998
891,-0.21573199999999998,10.041343999999999,0.333404
892,-0.24514999999999998,10.011925999999999,0.24514999999999998
893,-0.225538,10.060956,0.29417999999999994
894,-0.274568,10.051149999999998,0.264762
895,-0.25495599999999996,10.041343999999999,0.284374
896,-0.17650799999999997,10.031537999999998,0.323598
897,-0.303986,10.051149999999998,0.25495599999999996
898,-0.15689599999999998,10.051149999999998,0.333404
899,-0.24514999999999998,10.031537999999998,0.25495599999999996
900,-0.166702,10.060956,0.31379199999999996
901,-0.264762,10.011925999999999,0.25495599999999996
902,-0.19612,10.051149999999998,0.303986
903,-0.235344,10.051149999999998,0.323598
904,-0.235344,10.011925999999999,0.264762
905,-0.14708999999999997,10.011925999999999,0.29417999999999994
906,-0.29417999999999994,10.041343999999999,0.25495599999999996
907,-0.15689599999999998,10.051149999999998,0.274568
908,-0.284374,10.031537999999998,0.264762
909,-0.14708999999999997,10.041343999999999,0.29417999999999994
910,-0.225538,10.021732,0.235344
911,-0.264762,10.051149999999998,0.235344
912,-0.274568,10.031537999999998,0.24514999999999998
913,-0.205926,10.041343999999999,0.17650799999999997
914,-0.17650799999999997,10.031537999999998,0.24514999999999998
915,-0.284374,10.051149999999998,0.205926
916,-0.19612,10.031537999999998,0.15689599999999998
917,-0.333404,10.031537999999998,0.166702
918,-0.264762,10.031537999999998,0.15689599999999998
919,-0.205926,9.992313999999999,0.14708999999999997
920,-0.333404,10.080568,0.137284
921,-0.166702,10.00212,0.17650799999999997
922,-0.274568,10.051149999999998,0.166702
923,-0.235344,10.021732,0.17650799999999997
924,-0.264762,10.021732,0.17650799999999997
925,-0.18631399999999998,10.041343999999999,0.15689599999999998
926,-0.225538,10.041343999999999,0.14708999999999997
927,-0.225538,10.011925999999999,0.205926
928,-0.14708999999999997,10.031537999999998,0.166702
929,-0.24514999999999998,10.051149999999998,0.15689599999999998
930,-0.14708999999999997,10.031537999999998,0.205926
931,-0.264762,10.041343999999999,0.166702
932,-0.21573199999999998,10.00212,0.18631399999999998
933,-0.17650799999999997,10.060956,0.25495599999999996
934,-0.303986,10.041343999999999,0.19612
935,-0.21573199999999998,10.031537999999998,0.235344
936,-0.235344,10.051149999999998,0.21573199999999998
937,-0.235344,10.031537999999998,0.264762
938,-0.225538,10.060956,0.24514999999999998
939,-0.14708999999999997,10.011925999999999,0.225538
940,-0.35301599999999994,10.060956,0.18631399999999998
941,-0.19612,10.021732,0.21573199999999998
942,-0.225538,10.021732,0.18631399999999998
943,-0.25495599999999996,10.051149999999998,0.18631399999999998
944,-0.25495599999999996,10.031537999999998,0.205926
945,-0.225538,10.031537999999998,0.18631399999999998
946,-0.18631399999999998,10.031537999999998,0.25495599999999996
947,-0.166702,10.021732,0.21573199999999998
948,-0.235344,10.051149999999998,0.235344
949,-0.17650799999999997,10.051149999999998,0.24514999999999998
950,-0.235344,10.021732,0.19612
951,-0.235344,10.031537999999998,0.205926
952,-0.24514999999999998,10.051149999999998,0.17650799999999997
953,-0.235344,10.031537999999998,0.264762
954,-0.284374,10.031537999999998,0.19612
955,-0.21573199999999998,10.031537999999998,0.25495599999999996
956,-0.205926,10.031537999999998,0.25495599999999996
957,-0.303986,10.041343999999999,0.21573199999999998
958,-0.19612,10.060956,0.235344
959,-0.264762,10.031537999999998,0.21573199999999998
960,-0.205926,10.090373999999999,0.25495599999999996
961,-0.14708999999999997,10.021732,0.274568
962,-0.225538,10.060956,0.29417999999999994
963,-0.137284,10.041343999999999,0.274568
964,-0.19612,10.031537999999998,0.18631399999999998
965,-0.225538,10.041343999999999,0.21573199999999998
966,-0.21573199999999998,10.041343999999999,0.15689599999999998
967,-0.25495599999999996,10.021732,0.19612
968,-0.264762,10.041343999999999,0.166702
969,-0.225538,10.070761999999998,0.235344
970,-0.235344,10.031537999999998,0.19612
971,-0.303986,10.011925999999999,0.25495599999999996
972,-0.29417999999999994,10.060956,0.08825399999999999
973,-0.17650799999999997,10.011925999999999,0.21573199999999998
974,-0.323598,10.070761999999998,0.15689599999999998
975,-0.04903,10.021732,0.225538
976,-0.264762,10.021732,0.17650799999999997
977,-0.17650799999999997,10.060956,0.18631399999999998
978,-0.29417999999999994,10.031537999999998,0.15689599999999998
979,-0.14708999999999997,10.031537999999998,0.166702
980,-0.274568,10.051149999999998,0.166702
981,-0.225538,10.060956,0.09806
982,-0.21573199999999998,10.011925999999999,0.166702
983,-0.264762,10.041343999999999,0.117672
984,-0.264762,10.070761999999998,0.117672
985,-0.205926,9.992313999999999,0.117672
986,-0.235344,10.060956,0.10786599999999999
987,-0.284374,10.051149999999998,0.07844799999999999
988,-0.264762,10.031537999999998,0.07844799999999999
989,-0.17650799999999997,10.031537999999998,0.08825399999999999
990,-0.235344,10.060956,0.14708999999999997
991,-0.205926,10.011925999999999,0.10786599999999999
992,-0.205926,10.031537999999998,0.09806
993,-0.235344,10.011925999999999,0.137284
994,-0.303986,10.031537999999998,0.039223999999999995
995,-0.166702,10.031537999999998,0.10786599999999999
996,-0.235344,10.051149999999998,0.10786599999999999
997,-0.274568,10.021732,0.029418
998,-0.166702,10.021732,0.15689599999999998
999,-0.29417999999999994,10.011925999999999,0.068642
1000,-0.225538,10.060956,0.07844799999999999
1001,-0.21573199999999998,10.00212,0.04903
1002,-0.323598,10.051149999999998,0.068642
1003,-0.15689599999999998,10.00212,0.07844799999999999
1004,-0.362822,10.060956,0.04903
1005,-0.25495599999999996,10.070761999999998,0.058836
1006,-0.29417999999999994,10.011925999999999,0.137284
1007,-0.25495599999999996,10.031537999999998,0.09806
1008,-0.37262799999999996,10.060956,0.08825399999999999
1009,-0.18631399999999998,10.021732,0.137284
1010,-0.29417999999999994,10.031537999999998,-0.009805999999999999
1011,-0.34321,10.10018,0.068642
1012,-0.264762,10.00212,0.068642
1013,-0.21573199999999998,10.00212,0.04903
1014,-0.284374,10.041343999999999,0.14708999999999997
1015,-0.29417999999999994,10.031537999999998,0.019611999999999997
1016,-0.274568,10.060956,0.117672
1017,-0.284374,10.011925999999999,0.039223999999999995
1018,-0.35301599999999994,10.051149999999998,0.039223999999999995
1019,-0.21573199999999998,9.992313999999999,0.137284
1020,-0.31379199999999996,10.060956,0.039223999999999995
1021,-0.25495599999999996,10.011925999999999,0.04903
1022,-0.29417999999999994,10.051149999999998,0.166702
1023,-0.274568,10.031537999999998,0.117672
1024,-0.362822,10.080568,0.019611999999999997
1025,-0.39224,10.051149999999998,-0.04903
1026,-0.323598,10.00212,0.14708999999999997
1027,-0.323598,10.041343999999999,0.029418
1028,-0.284374,10.060956,0.029418
1029,-0.274568,10.011925999999999,0.166702
1030,-0.274568,10.00212,0.07844799999999999
1031,-0.284374,10.090373999999999,0.137284
1032,-0.264762,10.011925999999999,0.09806
1033,-0.323598,10.031537999999998,0.14708999999999997
1034,-0.323598,10.041343999999999,0.0
1035,-0.29417999999999994,10.031537999999998,0.12747799999999998
1036,-0.274568,10.031537999999998,0.058836
1037,-0.34321,10.041343999999999,0.0
1038,-0.284374,10.00212,0.10786599999999999
1039,-0.35301599999999994,10.060956,0.04903
1040,-0.29417999999999994,10.051149999999998,0.0
1041,-0.205926,10.031537999999998,0.10786599999999999
1042,-0.323598,10.051149999999998,0.0
1043,-0.205926,10.021732,0.117672
1044,-0.24514999999999998,10.021732,0.09806
1045,-0.25495599999999996,10.041343999999999,0.04903
1046,-0.274568,10.00212,0.08825399999999999
1047,-0.24514999999999998,10.021732,0.08825399999999999
1048,-0.303986,10.021732,0.068642
1049,-0.35301599999999994,10.041343999999999,0.058836
1050,-0.25495599999999996,10.00212,0.068642
1051,-0.284374,10.051149999999998,0.18631399999999998
1052,-0.274568,10.041343999999999,-0.009805999999999999
1053,-0.35301599999999994,10.011925999999999,0.12747799999999998
1054,-0.274568,10.041343999999999,-0.019611999999999997
1055,-0.21573199999999998,10.070761999999998,0.17650799999999997
1056,-0.25495599999999996,10.208045999999998,0.38243399999999994
1057,-0.205926,10.041343999999999,0.009805999999999999
1058,-0.264762,10.031537999999998,0.029418
1059,-0.49029999999999996,10.051149999999998,0.019611999999999997
1060,-0.303986,10.080568,0.15689599999999998
1061,-0.411852,10.041343999999999,0.137284
1062,-0.470688,10.070761999999998,0.14708999999999997
1063,-0.34321,10.021732,0.08825399999999999
1064,-0.323598,10.021732,0.029418
1065,-0.235344,10.031537999999998,0.0
1066,-0.137284,10.031537999999998,0.07844799999999999
1067,-0.362822,10.041343999999999,0.039223999999999995
1068,-0.25495599999999996,10.031537999999998,0.137284
1069,-0.323598,10.060956,0.205926
1070,-0.21573199999999998,10.021732,0.17650799999999997
1071,-0.303986,10.090373999999999,0.117672
1072,-0.38243399999999994,10.00212,0.15689599999999998
1073,-0.12747799999999998,10.070761999999998,0.14708999999999997
1074,-0.264762,9.953089999999998,0.284374
1075,-0.37262799999999996,10.060956,0.117672
1076,-0.303986,10.051149999999998,0.274568
1077,-0.10786599999999999,10.384553999999998,0.323598
1078,-0.34321,10.060956,0.12747799999999998
1079,-0.529524,9.992313999999999,0.284374
1080,-0.598166,10.413972,0.15689599999999998
1081,-0.07844799999999999,9.992313999999999,-0.058836
1082,-0.38243399999999994,10.00212,0.10786599999999999
1083,-0.31379199999999996,9.855029999999998,-0.225538
1084,-0.46088199999999996,9.982508,-0.24514999999999998
1085,-0.323598,9.953089999999998,-0.284374
1086,-0.451076,10.070761999999998,0.07844799999999999
1087,-0.274568,9.962895999999999,0.19612
1088,-0.31379199999999996,10.060956,0.08825399999999999
1089,-0.25495599999999996,10.021732,0.14708999999999997
1090,-0.25495599999999996,9.972701999999998,0.235344
1091,-0.29417999999999994,10.080568,0.264762
1092,-0.137284,10.031537999999998,0.225538
1093,-0.24514999999999998,10.051149999999998,0.17650799999999997
1094,-0.43146399999999996,10.090373999999999,0.166702
1095,-0.37262799999999996,10.031537999999998,0.264762
1096,-0.35301599999999994,10.00212,0.137284
1097,-0.24514999999999998,10.060956,0.25495599999999996
1098,-0.235344,10.021732,0.225538
1099,-0.37262799999999996,10.070761999999998,0.235344
1100,-0.19612,9.972701999999998,0.166702
1101,-0.35301599999999994,10.051149999999998,0.17650799999999997
1102,-0.5001059999999999,10.011925999999999,0.009805999999999999
1103,-0.4216579999999999,10.00212,0.058836
1104,-0.49029999999999996,10.041343999999999,0.08825399999999999
1105,-0.235344,10.051149999999998,0.19612
1106,-0.35301599999999994,10.070761999999998,0.17650799999999997
1107,-0.303986,10.011925999999999,0.14708999999999997
1108,-0.46088199999999996,10.060956,0.068642
1109,-0.323598,10.021732,0.09806
1110,-0.29417999999999994,10.031537999999998,0.07844799999999999
1111,-0.35301599999999994,10.070761999999998,0.08825399999999999
1112,-0.37262799999999996,9.982508,0.117672
1113,-0.323598,10.051149999999998,0.12747799999999998
1114,-0.34321,9.992313999999999,0.15689599999999998
1115,-0.38243399999999994,10.031537999999998,0.09806
1116,-0.31379199999999996,10.060956,0.12747799999999998
1117,-0.284374,10.00212,0.09806
1118,-0.34321,10.051149999999998,0.09806
1119,-0.264762,10.021732,0.068642
1120,-0.39224,10.031537999999998,0.12747799999999998
1121,-0.333404,10.011925999999999,0.04903
1122,-0.43146399999999996,10.060956,0.07844799999999999
1123,-0.333404,10.011925999999999,0.08825399999999999
1124,-0.323598,10.021732,0.068642
1125,-0.303986,10.021732,0.09806
1126,-0.303986,10.041343999999999,0.058836
1127,-0.35301599999999994,10.031537999999998,0.117672
1128,-0.323598,10.011925999999999,0.068642
1129,-0.37262799999999996,10.041343999999999,0.068642
1130,-0.25495599999999996,10.031537999999998,0.058836
1131,-0.333404,10.021732,0.117672
1132,-0.284374,10.031537999999998,0.08825399999999999
1133,-0.38243399999999994,10.021732,0.068642
1134,-0.333404,10.021732,0.04903
1135,-0.34321,10.051149999999998,0.07844799999999999
1136,-0.333404,10.021732,0.04903
1137,-0.284374,10.041343999999999,0.15689599999999998
1138,-0.38243399999999994,10.041343999999999,0.068642
1139,-0.303986,10.021732,0.068642
1140,-0.362822,10.041343999999999,0.07844799999999999
1141,-0.323598,10.011925999999999,0.08825399999999999
1142,-0.323598,10.041343999999999,0.117672
1143,-0.31379199999999996,10.011925999999999,0.117672
1144,-0.362822,10.041343999999999,0.07844799999999999
1145,-0.29417999999999994,10.060956,0.058836
1146,-0.274568,10.011925999999999,0.117672
1147,-0.38243399999999994,10.041343999999999,0.117672
1148,-0.303986,10.060956,0.117672
1149,-0.37262799999999996,10.011925999999999,0.09806
1150,-0.333404,10.041343999999999,0.14708999999999997
1151,-0.29417999999999994,10.031537999999998,0.117672
1152,-0.31379199999999996,10.051149999999998,0.14708999999999997
1153,-0.333404,10.021732,0.137284
1154,-0.303986,10.031537999999998,0.137284
1155,-0.31379199999999996,10.041343999999999,0.137284
1156,-0.34321,10.021732,0.14708999999999997
1157,-0.323598,10.041343999999999,0.15689599999999998
1158,-0.25495599999999996,10.031537999999998,0.17650799999999997
1159,-0.333404,10.041343999999999,0.205926
1160,-0.323598,10.031537999999998,0.14708999999999997
1161,-0.323598,10.060956,0.117672
1162,-0.303986,10.031537999999998,0.12747799999999998
1163,-0.333404,10.021732,0.10786599999999999
1164,-0.235344,10.041343999999999,0.15689599999999998
1165,-0.264762,10.031537999999998,0.14708999999999997
1166,-0.264762,10.011925999999999,0.19612
1167,-0.24514999999999998,10.021732,0.10786599999999999
1168,-0.333404,10.031537999999998,0.19612
1169,-0.284374,10.041343999999999,0.205926
1170,-0.264762,10.051149999999998,0.235344
1171,-0.35301599999999994,10.031537999999998,0.14708999999999997
1172,-0.31379199999999996,10.021732,0.166702
1173,-0.235344,10.021732,0.19612
1174,-0.35301599999999994,10.060956,0.19612
1175,-0.333404,10.060956,0.15689599999999998
1176,-0.284374,10.00212,0.17650799999999997
1177,-0.284374,10.021732,0.14708999999999997
1178,-0.284374,10.041343999999999,0.18631399999999998
1179,-0.284374,10.031537999999998,0.17650799999999997
1180,-0.34321,10.051149999999998,0.117672
1181,-0.323598,10.021732,0.12747799999999998
1182,-0.333404,10.031537999999998,0.14708999999999997
1183,-0.323598,10.041343999999999,0.14708999999999997
1184,-0.323598,10.021732,0.166702
1185,-0.34321,10.021732,0.09806
1186,-0.274568,10.031537999999998,0.17650799999999997
1187,-0.284374,10.021732,0.137284
1188,-0.35301599999999994,10.041343999999999,0.117672
1189,-0.274568,10.060956,0.137284
1190,-0.34321,10.011925999999999,0.09806
1191,-0.264762,10.041343999999999,0.12747799999999998
1192,-0.323598,10.021732,0.14708999999999997
1193,-0.323598,10.041343999999999,0.10786599999999999
1194,-0.323598,10.060956,0.166702
1195,-0.37262799999999996,10.021732,0.058836
1196,-0.35301599999999994,10.031537999999998,0.07844799999999999
1197,-0.323598,10.021732,0.117672
1198,-0.333404,10.041343999999999,0.08825399999999999
1199,-0.29417999999999994,10.021732,0.09806
1200,-0.274568,10.051149999999998,0.08825399999999999
1201,-0.31379199999999996,10.011925999999999,0.07844799999999999
1202,-0.38243399999999994,10.041343999999999,0.14708999999999997
1203,-0.303986,10.021732,0.08825399999999999
1204,-0.362822,10.041343999999999,0.07844799999999999
1205,-0.303986,10.021732,0.14708999999999997
1206,-0.323598,10.051149999999998,0.117672
1207,-0.34321,10.021732,0.07844799999999999
1208,-0.35301599999999994,10.051149999999998,0.039223999999999995
1209,-0.333404,10.051149999999998,0.058836
1210,-0.333404,10.041343999999999,0.068642
1211,-0.34321,10.011925999999999,0.09806
1212,-0.333404,10.041343999999999,0.029418
1213,-0.39224,10.031537999999998,0.04903
1214,-0.31379199999999996,10.041343999999999,0.029418
1215,-0.274568,10.011925999999999,0.058836
1216,-0.362822,10.021732,0.019611999999999997
1217,-0.303986,10.041343999999999,-0.029418
1218,-0.39224,10.00212,0.019611999999999997
1219,-0.323598,10.031537999999998,0.04903
1220,-0.323598,10.00212,0.058836
1221,-0.40204599999999996,10.041343999999999,0.0
1222,-0.34321,10.011925999999999,0.039223999999999995
1223,-0.411852,10.060956,0.0
1224,-0.362822,9.992313999999999,0.019611999999999997
1225,-0.411852,10.031537999999998,0.039223999999999995
1226,-0.31379199999999996,10.011925999999999,0.009805999999999999
1227,-0.46088199999999996,10.041343999999999,0.039223999999999995
1228,-0.411852,10.041343999999999,0.0
1229,-0.333404,10.011925999999999,0.039223999999999995
1230,-0.46088199999999996,10.031537999999998,-0.039223999999999995
1231,-0.303986,10.031537999999998,0.0
1232,-0.480494,10.021732,0.019611999999999997
1233,-0.34321,10.031537999999998,0.0
1234,-0.40204599999999996,10.031537999999998,0.019611999999999997
1235,-0.40204599999999996,10.021732,0.009805999999999999
1236,-0.40204599999999996,10.060956,0.04903
1237,-0.37262799999999996,10.041343999999999,0.039223999999999995
1238,-0.470688,10.00212,0.009805999999999999
1239,-0.274568,10.021732,0.009805999999999999
1240,-0.411852,10.031537999999998,0.039223999999999995
1241,-0.37262799999999996,9.992313999999999,0.019611999999999997
1242,-0.35301599999999994,10.011925999999999,0.019611999999999997
1243,-0.37262799999999996,10.041343999999999,0.058836
1244,-0.303986,10.060956,0.04903
1245,-0.470688,10.011925999999999,-0.24514999999999998
1246,-0.480494,10.060956,-0.225538
1247,-0.6177779999999999,9.943283999999998,-0.10786599999999999
1248,-0.4216579999999999,10.021732,-0.07844799999999999
1249,-0.40204599999999996,10.011925999999999,-0.08825399999999999
1250,-0.264762,10.021732,-0.04903
1251,-0.37262799999999996,10.00212,-0.039223999999999995
1252,-0.44126999999999994,9.992313999999999,-0.117672
1253,-0.44126999999999994,10.011925999999999,-0.068642
1254,-0.38243399999999994,10.021732,0.009805999999999999
1255,-0.333404,10.041343999999999,0.04903
1256,-0.5099119999999999,10.031537999999998,-0.009805999999999999
1257,-0.37262799999999996,10.051149999999998,-0.04903
1258,-0.529524,10.011925999999999,-0.117672
1259,-0.31379199999999996,9.982508,0.0
1260,-0.49029999999999996,10.021732,-0.07844799999999999
1261,-0.362822,9.982508,-0.019611999999999997
1262,-0.5197179999999999,10.031537999999998,-0.029418
1263,-0.46088199999999996,10.021732,-0.14708999999999997
1264,-0.470688,10.051149999999998,-0.068642
1265,-0.25495599999999996,10.051149999999998,0.0
1266,-0.38243399999999994,10.109985999999997,0.058836
1267,-0.46088199999999996,9.943283999999998,0.0
