,x,y,z
0,9.443178,1.647408,0.323598
1,9.462789999999998,1.9513939999999999,0.49029999999999996
2,9.433371999999999,1.7258559999999998,0.44126999999999994
3,9.403953999999999,1.980812,0.4216579999999999
4,9.384341999999998,2.15732,0.49029999999999996
5,9.482401999999999,1.921976,0.35301599999999994
6,9.482401999999999,1.9611999999999998,0.4216579999999999
7,9.462789999999998,1.8631399999999998,0.274568
8,9.472596,2.049454,0.303986
9,9.482401999999999,2.2357679999999998,0.43146399999999996
10,9.384341999999998,2.176932,0.274568
11,9.423566,2.137708,0.29417999999999994
12,9.502013999999999,2.176932,0.264762
13,9.364729999999998,2.392664,0.19612
14,9.354923999999999,2.0396479999999997,0.235344
15,9.354923999999999,1.892558,0.25495599999999996
16,9.541237999999998,1.990618,0.323598
17,9.443178,2.049454,0.303986
18,9.531431999999999,1.9415879999999999,0.284374
19,9.433371999999999,2.0592599999999996,0.17650799999999997
20,9.384341999999998,2.0396479999999997,0.08825399999999999
21,9.462789999999998,1.81411,0.0
22,9.531431999999999,1.8729459999999998,0.0
23,9.305893999999999,2.284798,0.039223999999999995
24,9.443178,2.186738,0.068642
25,9.403953999999999,2.0396479999999997,0.09806
26,9.443178,2.088678,0.10786599999999999
27,9.335311999999998,1.8435279999999998,0.12747799999999998
28,9.384341999999998,2.049454,0.009805999999999999
29,9.541237999999998,1.990618,-0.08825399999999999
30,9.423566,1.9317819999999999,0.019611999999999997
31,9.433371999999999,1.9611999999999998,0.0
32,9.296088,2.3436339999999998,-0.019611999999999997
33,9.423566,2.480918,0.029418
34,9.413759999999998,2.20635,-0.009805999999999999
35,9.511819999999998,1.8533339999999998,0.029418
36,9.394148,2.0788719999999996,0.068642
37,9.413759999999998,2.1082899999999998,0.058836
38,9.3157,2.1671259999999997,-0.08825399999999999
39,9.413759999999998,2.186738,-0.068642
40,9.452983999999999,2.0984839999999996,-0.15689599999999998
41,9.364729999999998,2.069066,-0.10786599999999999
42,9.394148,2.069066,-0.12747799999999998
43,9.394148,2.1475139999999997,-0.14708999999999997
44,9.403953999999999,2.176932,-0.07844799999999999
45,9.325505999999999,2.15732,-0.068642
46,9.492208,2.118096,-0.09806
47,9.423566,2.1671259999999997,-0.12747799999999998
48,9.374535999999999,2.088678,-0.137284
49,9.452983999999999,1.921976,-0.166702
50,9.531431999999999,1.902364,-0.117672
51,9.394148,2.0984839999999996,-0.17650799999999997
52,9.403953999999999,2.1082899999999998,-0.205926
53,9.413759999999998,1.9611999999999998,-0.274568
54,9.462789999999998,1.980812,-0.19612
55,9.433371999999999,2.0200359999999997,-0.264762
56,9.403953999999999,1.990618,-0.225538
57,9.403953999999999,2.088678,-0.264762
58,9.364729999999998,2.2357679999999998,-0.24514999999999998
59,9.354923999999999,2.176932,-0.12747799999999998
60,9.472596,2.0984839999999996,-0.17650799999999997
61,9.413759999999998,2.1082899999999998,-0.14708999999999997
62,9.413759999999998,2.029842,-0.25495599999999996
63,9.394148,2.118096,-0.17650799999999997
64,9.413759999999998,2.1082899999999998,-0.225538
65,9.384341999999998,2.2357679999999998,-0.24514999999999998
66,9.374535999999999,2.15732,-0.225538
67,9.443178,2.0984839999999996,-0.284374
68,9.384341999999998,2.176932,-0.25495599999999996
69,9.354923999999999,2.1671259999999997,-0.274568
70,9.472596,2.049454,-0.323598
71,9.325505999999999,2.373052,-0.37262799999999996
72,9.256863999999998,2.324022,-0.411852
73,9.433371999999999,2.088678,-0.40204599999999996
74,9.570656,2.1082899999999998,-0.35301599999999994
75,9.286281999999998,2.324022,-0.451076
76,9.305893999999999,2.265186,-0.411852
77,9.394148,2.20635,-0.34321
78,9.394148,2.176932,-0.362822
79,9.374535999999999,2.225962,-0.39224
80,9.345118,2.20635,-0.44126999999999994
81,9.394148,2.196544,-0.44126999999999994
82,9.354923999999999,2.2553799999999997,-0.411852
83,9.384341999999998,2.186738,-0.4216579999999999
84,9.394148,2.196544,-0.480494
85,9.325505999999999,2.2553799999999997,-0.44126999999999994
86,9.354923999999999,2.176932,-0.44126999999999994
87,9.364729999999998,2.2357679999999998,-0.4216579999999999
88,9.364729999999998,2.2357679999999998,-0.4216579999999999
89,9.325505999999999,2.225962,-0.333404
90,9.374535999999999,2.216156,-0.38243399999999994
91,9.423566,2.20635,-0.31379199999999996
92,9.462789999999998,2.049454,-0.37262799999999996
93,9.374535999999999,2.1671259999999997,-0.31379199999999996
94,9.374535999999999,2.118096,-0.362822
95,9.433371999999999,2.029842,-0.34321
96,9.364729999999998,2.118096,-0.303986
97,9.423566,2.20635,-0.25495599999999996
98,9.364729999999998,2.15732,-0.323598
99,9.354923999999999,2.216156,-0.17650799999999997
100,9.443178,2.0592599999999996,-0.21573199999999998
101,9.443178,1.990618,-0.25495599999999996
102,9.433371999999999,2.0102299999999995,-0.24514999999999998
103,9.384341999999998,2.0592599999999996,-0.264762
104,9.413759999999998,2.0592599999999996,-0.205926
105,9.423566,1.9611999999999998,-0.284374
106,9.403953999999999,2.118096,-0.10786599999999999
107,9.462789999999998,2.0102299999999995,-0.137284
108,9.452983999999999,2.274992,-0.12747799999999998
109,9.374535999999999,2.118096,-0.068642
110,9.384341999999998,1.990618,-0.09806
111,9.472596,2.118096,-0.019611999999999997
112,9.502013999999999,1.971006,-0.058836
113,9.443178,1.9611999999999998,0.0
114,9.492208,2.0200359999999997,-0.07844799999999999
115,9.433371999999999,2.0788719999999996,-0.039223999999999995
116,9.452983999999999,1.980812,-0.058836
117,9.384341999999998,2.069066,-0.039223999999999995
118,9.462789999999998,2.088678,0.029418
119,9.423566,2.1475139999999997,0.0
120,9.413759999999998,2.15732,0.0
121,9.462789999999998,1.971006,0.009805999999999999
122,9.452983999999999,2.029842,0.0
123,9.443178,2.088678,0.029418
124,9.443178,2.0200359999999997,0.0
125,9.413759999999998,1.91217,0.029418
126,9.511819999999998,1.921976,0.04903
127,9.384341999999998,2.0984839999999996,-0.029418
128,9.394148,2.0200359999999997,0.07844799999999999
129,9.452983999999999,1.9415879999999999,0.029418
130,9.423566,1.980812,0.10786599999999999
131,9.423566,2.0004239999999998,0.166702
132,9.394148,2.0102299999999995,0.117672
133,9.502013999999999,1.902364,0.17650799999999997
134,9.443178,2.0396479999999997,0.14708999999999997
135,9.384341999999998,2.0004239999999998,0.117672
136,9.452983999999999,1.921976,0.10786599999999999
137,9.452983999999999,2.0102299999999995,0.15689599999999998
138,9.492208,1.9317819999999999,0.08825399999999999
139,9.413759999999998,1.971006,0.04903
140,9.413759999999998,2.0102299999999995,0.068642
141,9.443178,2.029842,0.0
142,9.413759999999998,1.9611999999999998,0.08825399999999999
143,9.482401999999999,1.9513939999999999,0.029418
144,9.443178,2.029842,0.009805999999999999
145,9.443178,2.029842,0.009805999999999999
146,9.433371999999999,2.0102299999999995,0.019611999999999997
147,9.423566,2.049454,0.058836
148,9.423566,2.0004239999999998,0.0
149,9.413759999999998,2.088678,0.07844799999999999
150,9.433371999999999,2.0200359999999997,0.019611999999999997
151,9.443178,2.0200359999999997,0.029418
152,9.443178,2.0102299999999995,0.058836
153,9.423566,2.0200359999999997,0.0
154,9.433371999999999,2.0200359999999997,0.019611999999999997
155,9.433371999999999,2.029842,0.029418
156,9.433371999999999,2.0200359999999997,0.009805999999999999
157,9.433371999999999,2.0200359999999997,0.0
158,9.433371999999999,2.0396479999999997,0.009805999999999999
159,9.403953999999999,2.069066,0.009805999999999999
160,9.443178,1.971006,0.04903
161,9.482401999999999,2.0200359999999997,0.039223999999999995
162,9.413759999999998,2.049454,0.029418
163,9.423566,2.0004239999999998,0.068642
164,9.452983999999999,2.029842,0.04903
165,9.413759999999998,2.0102299999999995,0.058836
166,9.433371999999999,1.9611999999999998,0.09806
167,9.452983999999999,1.990618,0.10786599999999999
168,9.423566,2.049454,0.09806
169,9.452983999999999,1.980812,0.09806
170,9.452983999999999,1.9513939999999999,0.09806
171,9.433371999999999,2.0102299999999995,0.12747799999999998
172,9.413759999999998,2.0396479999999997,0.068642
173,9.443178,2.0102299999999995,0.15689599999999998
174,9.394148,2.088678,0.117672
175,9.482401999999999,2.0004239999999998,0.12747799999999998
176,9.443178,2.0004239999999998,0.137284
177,9.433371999999999,2.0200359999999997,0.10786599999999999
178,9.452983999999999,2.0592599999999996,0.117672
179,9.472596,1.980812,0.137284
180,9.433371999999999,1.990618,0.137284
181,9.413759999999998,2.0102299999999995,0.137284
182,9.433371999999999,1.9611999999999998,0.08825399999999999
183,9.423566,2.029842,0.10786599999999999
184,9.452983999999999,2.029842,0.08825399999999999
185,9.452983999999999,2.0004239999999998,0.07844799999999999
186,9.423566,2.0592599999999996,0.10786599999999999
187,9.423566,2.0396479999999997,0.019611999999999997
188,9.472596,2.0200359999999997,0.04903
189,9.433371999999999,2.0200359999999997,0.058836
190,9.443178,2.0004239999999998,0.039223999999999995
191,9.413759999999998,2.069066,0.039223999999999995
192,9.443178,2.049454,0.10786599999999999
193,9.394148,2.0396479999999997,0.04903
194,9.433371999999999,2.0200359999999997,0.029418
195,9.433371999999999,2.0200359999999997,0.058836
196,9.403953999999999,2.069066,0.019611999999999997
197,9.443178,2.0788719999999996,0.0
198,9.394148,2.049454,-0.029418
199,9.433371999999999,2.0984839999999996,-0.009805999999999999
200,9.433371999999999,2.0004239999999998,0.0
201,9.423566,1.971006,0.0
202,9.394148,2.118096,-0.029418
203,9.423566,2.0592599999999996,0.0
204,9.413759999999998,2.069066,-0.07844799999999999
205,9.452983999999999,2.088678,0.029418
206,9.443178,2.0102299999999995,0.0
207,9.423566,2.049454,-0.039223999999999995
208,9.413759999999998,2.15732,-0.029418
209,9.423566,2.0396479999999997,-0.058836
210,9.443178,2.0102299999999995,-0.04903
211,9.443178,2.0788719999999996,-0.019611999999999997
212,9.443178,2.0396479999999997,-0.029418
213,9.433371999999999,2.0102299999999995,-0.019611999999999997
214,9.443178,2.0984839999999996,-0.019611999999999997
215,9.423566,2.049454,0.0
216,9.433371999999999,2.0592599999999996,-0.029418
217,9.452983999999999,2.0200359999999997,-0.009805999999999999
218,9.374535999999999,2.049454,0.039223999999999995
219,9.433371999999999,2.0592599999999996,0.029418
220,9.394148,2.1082899999999998,0.0
221,9.413759999999998,2.0984839999999996,0.009805999999999999
222,9.423566,2.0788719999999996,-0.009805999999999999
223,9.433371999999999,2.0984839999999996,0.009805999999999999
224,9.433371999999999,2.0396479999999997,0.068642
225,9.403953999999999,2.0788719999999996,0.039223999999999995
226,9.394148,2.15732,0.058836
227,9.443178,2.0396479999999997,0.068642
228,9.403953999999999,2.049454,0.07844799999999999
229,9.433371999999999,2.049454,0.07844799999999999
230,9.433371999999999,2.0984839999999996,0.029418
231,9.443178,1.990618,0.009805999999999999
232,9.443178,2.15732,0.07844799999999999
233,9.452983999999999,2.049454,0.07844799999999999
234,9.423566,2.0788719999999996,0.07844799999999999
235,9.403953999999999,2.1082899999999998,0.019611999999999997
236,9.423566,2.029842,0.10786599999999999
237,9.443178,2.029842,0.08825399999999999
238,9.423566,2.049454,0.08825399999999999
239,9.443178,2.069066,0.07844799999999999
240,9.413759999999998,2.069066,0.10786599999999999
241,9.423566,2.0004239999999998,0.068642
242,9.413759999999998,2.0984839999999996,0.09806
243,9.462789999999998,1.9513939999999999,0.10786599999999999
244,9.403953999999999,2.0592599999999996,0.10786599999999999
245,9.394148,2.0396479999999997,0.09806
246,9.462789999999998,1.990618,0.12747799999999998
247,9.423566,2.0200359999999997,0.09806
248,9.433371999999999,2.0592599999999996,0.166702
249,9.413759999999998,2.0004239999999998,0.117672
250,9.433371999999999,2.049454,0.166702
251,9.433371999999999,2.0592599999999996,0.117672
252,9.403953999999999,1.9611999999999998,0.12747799999999998
253,9.423566,2.029842,0.10786599999999999
254,9.452983999999999,2.0200359999999997,0.12747799999999998
255,9.443178,2.0200359999999997,0.137284
256,9.413759999999998,2.029842,0.117672
257,9.452983999999999,1.980812,0.10786599999999999
258,9.452983999999999,2.0102299999999995,0.117672
259,9.403953999999999,2.0004239999999998,0.07844799999999999
260,9.433371999999999,2.049454,0.07844799999999999
261,9.452983999999999,2.029842,0.137284
262,9.433371999999999,2.0200359999999997,0.09806
263,9.482401999999999,1.990618,0.07844799999999999
264,9.413759999999998,2.0102299999999995,0.09806
265,9.452983999999999,2.0004239999999998,0.08825399999999999
266,9.443178,2.0200359999999997,0.09806
267,9.433371999999999,1.990618,0.068642
268,9.423566,2.0788719999999996,0.07844799999999999
269,9.433371999999999,1.990618,0.07844799999999999
270,9.443178,2.0102299999999995,0.04903
271,9.413759999999998,2.0200359999999997,0.07844799999999999
272,9.462789999999998,1.971006,0.068642
273,9.413759999999998,2.0788719999999996,0.058836
274,9.413759999999998,2.0592599999999996,0.029418
275,9.443178,2.0396479999999997,0.068642
276,9.433371999999999,2.049454,0.029418
277,9.443178,2.0200359999999997,0.10786599999999999
278,9.462789999999998,2.029842,0.009805999999999999
279,9.364729999999998,2.137708,0.029418
280,9.443178,2.1082899999999998,-0.019611999999999997
281,9.433371999999999,2.049454,0.039223999999999995
282,9.413759999999998,2.029842,0.019611999999999997
283,9.433371999999999,2.049454,0.04903
284,9.433371999999999,2.069066,0.0
285,9.423566,2.088678,0.0
286,9.433371999999999,2.029842,0.019611999999999997
287,9.394148,2.0984839999999996,-0.04903
288,9.413759999999998,2.049454,0.08825399999999999
289,9.423566,2.0788719999999996,0.009805999999999999
290,9.423566,2.0396479999999997,0.0
291,9.394148,2.137708,0.0
292,9.433371999999999,2.069066,-0.029418
293,9.452983999999999,2.049454,-0.009805999999999999
294,9.423566,2.069066,-0.029418
295,9.452983999999999,2.0592599999999996,-0.019611999999999997
296,9.403953999999999,2.0592599999999996,0.0
297,9.423566,2.1082899999999998,-0.029418
298,9.394148,2.1279019999999997,-0.009805999999999999
299,9.462789999999998,2.0200359999999997,-0.058836
300,9.413759999999998,2.0984839999999996,0.0
301,9.433371999999999,2.088678,-0.019611999999999997
302,9.384341999999998,2.137708,-0.039223999999999995
303,9.443178,2.049454,-0.07844799999999999
304,9.423566,2.118096,0.0
305,9.413759999999998,2.0004239999999998,-0.019611999999999997
306,9.413759999999998,2.1279019999999997,0.0
307,9.443178,2.0200359999999997,0.058836
308,9.403953999999999,2.0592599999999996,0.009805999999999999
309,9.423566,2.0788719999999996,0.0
310,9.394148,2.0984839999999996,0.0
311,9.423566,2.049454,0.0
312,9.413759999999998,2.0396479999999997,0.0
313,9.423566,2.049454,0.009805999999999999
314,9.384341999999998,2.118096,0.019611999999999997
315,9.452983999999999,2.0592599999999996,0.0
316,9.423566,2.069066,0.0
317,9.374535999999999,2.1475139999999997,-0.009805999999999999
318,9.413759999999998,2.118096,0.0
319,9.413759999999998,2.0592599999999996,0.0
320,9.433371999999999,2.069066,0.0
321,9.403953999999999,2.088678,0.0
322,9.413759999999998,2.0984839999999996,0.009805999999999999
323,9.423566,2.0592599999999996,0.0
324,9.423566,2.088678,-0.009805999999999999
325,9.423566,2.118096,0.0
326,9.423566,2.0788719999999996,-0.009805999999999999
327,9.423566,2.118096,-0.009805999999999999
328,9.403953999999999,2.0984839999999996,-0.019611999999999997
329,9.423566,2.029842,0.0
330,9.413759999999998,2.0984839999999996,0.019611999999999997
331,9.433371999999999,2.0788719999999996,0.0
332,9.433371999999999,2.0592599999999996,0.019611999999999997
333,9.423566,2.1279019999999997,0.0
334,9.423566,2.0592599999999996,0.068642
335,9.452983999999999,2.0592599999999996,0.0
336,9.364729999999998,2.118096,0.0
337,9.413759999999998,2.1082899999999998,-0.009805999999999999
338,9.462789999999998,2.069066,-0.009805999999999999
339,9.413759999999998,2.0984839999999996,0.029418
340,9.403953999999999,2.1475139999999997,-0.019611999999999997
341,9.394148,2.1279019999999997,0.0
342,9.394148,2.118096,0.068642
343,9.413759999999998,2.1082899999999998,0.039223999999999995
344,9.403953999999999,2.088678,0.019611999999999997
345,9.443178,2.0592599999999996,0.039223999999999995
346,9.413759999999998,2.1082899999999998,-0.029418
347,9.394148,2.0984839999999996,0.039223999999999995
348,9.433371999999999,2.069066,-0.019611999999999997
349,9.443178,2.049454,0.058836
350,9.433371999999999,2.0788719999999996,0.0
351,9.403953999999999,2.1082899999999998,0.07844799999999999
352,9.433371999999999,2.118096,0.009805999999999999
353,9.423566,2.029842,0.019611999999999997
354,9.403953999999999,2.0984839999999996,0.019611999999999997
355,9.394148,2.088678,0.0
356,9.452983999999999,2.049454,0.009805999999999999
357,9.394148,2.1082899999999998,-0.029418
358,9.394148,2.15732,-0.029418
359,9.394148,2.118096,-0.019611999999999997
360,9.443178,2.0788719999999996,0.0
361,9.403953999999999,2.1279019999999997,0.009805999999999999
362,9.423566,2.0788719999999996,-0.019611999999999997
363,9.394148,2.137708,0.009805999999999999
364,9.423566,2.0984839999999996,0.0
365,9.394148,2.137708,0.019611999999999997
366,9.433371999999999,2.0788719999999996,0.0
367,9.433371999999999,2.137708,-0.009805999999999999
368,9.354923999999999,2.196544,0.0
369,9.433371999999999,2.088678,-0.029418
370,9.423566,2.1671259999999997,-0.009805999999999999
371,9.384341999999998,2.1671259999999997,-0.019611999999999997
372,9.384341999999998,2.186738,-0.039223999999999995
373,9.394148,2.137708,-0.058836
374,9.423566,2.1475139999999997,-0.009805999999999999
375,9.413759999999998,2.1475139999999997,-0.019611999999999997
376,9.384341999999998,2.15732,-0.039223999999999995
377,9.433371999999999,2.15732,-0.04903
378,9.403953999999999,2.1279019999999997,-0.09806
379,9.423566,2.176932,-0.07844799999999999
380,9.443178,2.1279019999999997,-0.07844799999999999
381,9.394148,2.0984839999999996,-0.08825399999999999
382,9.403953999999999,2.1475139999999997,-0.058836
383,9.413759999999998,2.137708,-0.068642
384,9.384341999999998,2.1671259999999997,-0.029418
385,9.413759999999998,2.137708,-0.10786599999999999
386,9.384341999999998,2.196544,-0.058836
387,9.403953999999999,2.15732,-0.08825399999999999
388,9.394148,2.216156,-0.04903
389,9.394148,2.137708,-0.058836
390,9.384341999999998,2.196544,-0.058836
391,9.413759999999998,2.1671259999999997,0.0
392,9.384341999999998,2.137708,-0.039223999999999995
393,9.423566,2.1082899999999998,-0.039223999999999995
394,9.433371999999999,2.118096,0.009805999999999999
395,9.413759999999998,2.137708,0.019611999999999997
396,9.394148,2.118096,-0.04903
397,9.413759999999998,2.1082899999999998,0.009805999999999999
398,9.443178,2.0984839999999996,0.029418
399,9.384341999999998,2.1671259999999997,-0.019611999999999997
400,9.394148,2.15732,0.019611999999999997
401,9.433371999999999,2.1082899999999998,0.0
402,9.413759999999998,2.1279019999999997,0.04903
403,9.384341999999998,2.118096,0.029418
404,9.433371999999999,2.137708,0.009805999999999999
405,9.394148,2.1082899999999998,0.07844799999999999
406,9.472596,2.118096,0.058836
407,9.364729999999998,2.137708,0.068642
408,9.443178,2.049454,0.117672
409,9.423566,2.1475139999999997,0.10786599999999999
410,9.394148,2.118096,0.10786599999999999
411,9.403953999999999,2.069066,0.12747799999999998
412,9.462789999999998,2.0984839999999996,0.12747799999999998
413,9.384341999999998,2.0984839999999996,0.09806
414,9.443178,2.069066,0.14708999999999997
415,9.433371999999999,2.1279019999999997,0.08825399999999999
416,9.413759999999998,2.0984839999999996,0.117672
417,9.403953999999999,2.118096,0.09806
418,9.413759999999998,2.1082899999999998,0.166702
419,9.443178,1.990618,0.137284
420,9.413759999999998,2.0984839999999996,0.14708999999999997
421,9.364729999999998,2.176932,0.09806
422,9.433371999999999,2.0788719999999996,0.09806
423,9.403953999999999,2.069066,0.09806
424,9.364729999999998,2.1279019999999997,0.08825399999999999
425,9.423566,2.137708,0.12747799999999998
426,9.423566,2.118096,0.068642
427,9.433371999999999,2.118096,0.09806
428,9.374535999999999,2.186738,0.029418
429,9.394148,2.1279019999999997,0.058836
430,9.413759999999998,2.088678,0.04903
431,9.423566,2.1671259999999997,0.0
432,9.364729999999998,2.137708,0.04903
433,9.413759999999998,2.118096,0.0
434,9.403953999999999,2.1082899999999998,0.04903
435,9.423566,2.1082899999999998,0.0
436,9.413759999999998,2.176932,-0.019611999999999997
437,9.413759999999998,2.049454,0.039223999999999995
438,9.403953999999999,2.0984839999999996,0.029418
439,9.413759999999998,2.1082899999999998,0.0
440,9.413759999999998,2.1279019999999997,0.029418
441,9.413759999999998,2.088678,0.039223999999999995
442,9.384341999999998,2.15732,0.029418
443,9.403953999999999,2.186738,0.058836
444,9.403953999999999,2.118096,-0.009805999999999999
445,9.413759999999998,2.1475139999999997,-0.029418
446,9.413759999999998,2.118096,0.058836
447,9.374535999999999,2.20635,-0.04903
448,9.443178,2.196544,0.039223999999999995
449,9.374535999999999,2.216156,-0.039223999999999995
450,9.403953999999999,2.137708,0.009805999999999999
451,9.413759999999998,2.1082899999999998,-0.039223999999999995
452,9.413759999999998,2.1279019999999997,-0.019611999999999997
453,9.403953999999999,2.1671259999999997,0.009805999999999999
454,9.423566,2.176932,-0.019611999999999997
455,9.394148,2.1475139999999997,0.0
456,9.413759999999998,2.118096,-0.029418
457,9.384341999999998,2.1671259999999997,0.039223999999999995
458,9.413759999999998,2.137708,-0.009805999999999999
459,9.345118,2.20635,0.019611999999999997
460,9.394148,2.216156,0.0
461,9.423566,2.1671259999999997,-0.009805999999999999
462,9.394148,2.186738,0.0
463,9.384341999999998,2.216156,0.0
464,9.394148,2.15732,-0.029418
465,9.413759999999998,2.15732,0.0
466,9.413759999999998,2.225962,0.009805999999999999
467,9.354923999999999,2.118096,-0.009805999999999999
468,9.433371999999999,2.1475139999999997,0.019611999999999997
469,9.403953999999999,2.137708,0.0
470,9.413759999999998,2.0788719999999996,-0.009805999999999999
471,9.374535999999999,2.196544,0.009805999999999999
472,9.423566,2.118096,0.068642
473,9.403953999999999,2.1475139999999997,0.039223999999999995
474,9.403953999999999,2.1279019999999997,0.019611999999999997
475,9.384341999999998,2.20635,0.019611999999999997
476,9.423566,2.137708,0.039223999999999995
477,9.384341999999998,2.196544,0.0
478,9.403953999999999,2.186738,0.04903
479,9.413759999999998,2.196544,0.009805999999999999
480,9.423566,2.0984839999999996,0.029418
481,9.403953999999999,2.1082899999999998,0.029418
482,9.384341999999998,2.1671259999999997,0.009805999999999999
483,9.413759999999998,2.186738,0.04903
484,9.443178,2.0592599999999996,0.068642
485,9.423566,2.137708,0.058836
486,9.394148,2.1082899999999998,0.07844799999999999
487,9.443178,2.118096,0.04903
488,9.413759999999998,2.15732,0.07844799999999999
489,9.433371999999999,2.118096,0.058836
490,9.433371999999999,2.088678,0.039223999999999995
491,9.413759999999998,2.118096,0.117672
492,9.394148,2.118096,0.04903
493,9.384341999999998,2.088678,0.08825399999999999
494,9.452983999999999,2.0788719999999996,0.08825399999999999
495,9.423566,2.1082899999999998,0.117672
496,9.423566,2.0984839999999996,0.09806
497,9.433371999999999,2.088678,0.09806
498,9.394148,2.1082899999999998,0.137284
499,9.394148,2.088678,0.068642
500,9.423566,2.1082899999999998,0.117672
501,9.413759999999998,2.1082899999999998,0.10786599999999999
502,9.423566,2.0984839999999996,0.09806
503,9.443178,2.1279019999999997,0.117672
504,9.433371999999999,2.049454,0.10786599999999999
505,9.423566,2.069066,0.137284
506,9.423566,2.088678,0.137284
507,9.394148,2.118096,0.117672
508,9.423566,2.1082899999999998,0.12747799999999998
509,9.403953999999999,2.15732,0.117672
510,9.413759999999998,2.0984839999999996,0.12747799999999998
511,9.452983999999999,2.069066,0.09806
512,9.364729999999998,2.1671259999999997,0.117672
513,9.443178,2.0788719999999996,0.08825399999999999
514,9.443178,2.1082899999999998,0.117672
515,9.423566,2.0984839999999996,0.14708999999999997
516,9.403953999999999,2.0788719999999996,0.10786599999999999
517,9.423566,2.118096,0.137284
518,9.413759999999998,2.088678,0.137284
519,9.423566,2.0396479999999997,0.117672
520,9.423566,2.0592599999999996,0.14708999999999997
521,9.413759999999998,2.0788719999999996,0.15689599999999998
522,9.472596,2.069066,0.17650799999999997
523,9.384341999999998,2.069066,0.09806
524,9.403953999999999,2.137708,0.137284
525,9.452983999999999,2.029842,0.09806
526,9.413759999999998,2.0592599999999996,0.12747799999999998
527,9.403953999999999,2.15732,0.137284
528,9.443178,2.049454,0.12747799999999998
529,9.394148,2.15732,0.14708999999999997
530,9.403953999999999,2.0984839999999996,0.14708999999999997
531,9.423566,2.069066,0.10786599999999999
532,9.403953999999999,2.088678,0.137284
533,9.452983999999999,2.0396479999999997,0.12747799999999998
534,9.403953999999999,2.1082899999999998,0.117672
535,9.413759999999998,2.118096,0.14708999999999997
536,9.443178,2.029842,0.08825399999999999
537,9.423566,2.118096,0.12747799999999998
538,9.443178,2.0592599999999996,0.08825399999999999
539,9.394148,2.088678,0.12747799999999998
540,9.443178,2.088678,0.10786599999999999
541,9.423566,2.0592599999999996,0.12747799999999998
542,9.462789999999998,2.0788719999999996,0.10786599999999999
543,9.394148,2.1671259999999997,0.12747799999999998
544,9.403953999999999,2.15732,0.10786599999999999
545,9.462789999999998,2.0592599999999996,0.17650799999999997
546,9.394148,2.0788719999999996,0.10786599999999999
547,9.403953999999999,2.1279019999999997,0.137284
548,9.433371999999999,2.1082899999999998,0.10786599999999999
549,9.462789999999998,2.088678,0.117672
550,9.423566,2.1082899999999998,0.09806
551,9.413759999999998,2.137708,0.08825399999999999
552,9.433371999999999,2.1475139999999997,0.068642
553,9.403953999999999,2.118096,0.04903
554,9.384341999999998,2.176932,0.068642
555,9.443178,2.088678,0.07844799999999999
556,9.413759999999998,2.118096,0.04903
557,9.403953999999999,2.118096,0.058836
558,9.413759999999998,2.1082899999999998,0.019611999999999997
559,9.443178,2.088678,0.08825399999999999
560,9.413759999999998,2.049454,0.068642
561,9.394148,2.1475139999999997,0.058836
562,9.443178,2.1279019999999997,0.117672
563,9.413759999999998,2.069066,0.117672
564,9.433371999999999,2.1475139999999997,0.09806
565,9.403953999999999,2.118096,0.117672
566,9.443178,2.1082899999999998,0.09806
567,9.433371999999999,2.0984839999999996,0.10786599999999999
568,9.403953999999999,2.1671259999999997,0.117672
569,9.423566,2.1082899999999998,0.117672
570,9.403953999999999,2.137708,0.14708999999999997
571,9.413759999999998,2.088678,0.10786599999999999
572,9.423566,2.088678,0.14708999999999997
573,9.403953999999999,2.0984839999999996,0.09806
574,9.423566,2.1082899999999998,0.14708999999999997
575,9.433371999999999,2.1082899999999998,0.10786599999999999
576,9.413759999999998,2.1082899999999998,0.12747799999999998
577,9.433371999999999,2.1082899999999998,0.12747799999999998
578,9.452983999999999,2.0984839999999996,0.137284
579,9.413759999999998,2.118096,0.09806
580,9.443178,2.118096,0.14708999999999997
581,9.452983999999999,2.0102299999999995,0.14708999999999997
582,9.403953999999999,2.0396479999999997,0.166702
583,9.413759999999998,2.137708,0.166702
584,9.433371999999999,2.1082899999999998,0.205926
585,9.433371999999999,2.029842,0.19612
586,9.452983999999999,2.137708,0.235344
587,9.423566,2.049454,0.15689599999999998
588,9.413759999999998,2.118096,0.225538
589,9.433371999999999,2.069066,0.19612
590,9.433371999999999,2.118096,0.166702
591,9.354923999999999,2.1475139999999997,0.17650799999999997
592,9.443178,2.118096,0.12747799999999998
593,9.413759999999998,2.088678,0.17650799999999997
594,9.423566,2.0788719999999996,0.10786599999999999
595,9.443178,2.088678,0.166702
596,9.433371999999999,2.0984839999999996,0.117672
597,9.403953999999999,2.088678,0.09806
598,9.433371999999999,2.118096,0.058836
599,9.384341999999998,2.118096,0.14708999999999997
600,9.452983999999999,2.0396479999999997,0.10786599999999999
601,9.423566,2.118096,0.07844799999999999
602,9.403953999999999,2.176932,0.12747799999999998
603,9.433371999999999,2.0102299999999995,0.04903
604,9.452983999999999,2.137708,0.117672
605,9.403953999999999,2.0788719999999996,0.117672
606,9.413759999999998,2.069066,0.04903
607,9.394148,2.225962,0.08825399999999999
608,9.443178,2.137708,0.058836
609,9.394148,2.1279019999999997,0.04903
610,9.354923999999999,2.1671259999999997,0.039223999999999995
611,9.413759999999998,2.118096,0.068642
612,9.452983999999999,2.0984839999999996,0.068642
613,9.384341999999998,2.1671259999999997,0.058836
614,9.394148,2.1671259999999997,0.019611999999999997
615,9.394148,2.1671259999999997,0.039223999999999995
616,9.394148,2.15732,0.0
617,9.394148,2.137708,0.068642
618,9.462789999999998,2.069066,0.019611999999999997
619,9.384341999999998,2.137708,0.029418
620,9.423566,2.118096,-0.07844799999999999
621,9.394148,2.3142159999999996,0.058836
622,9.413759999999998,2.20635,-0.09806
623,9.403953999999999,2.225962,0.029418
624,9.423566,2.176932,-0.07844799999999999
625,9.364729999999998,2.225962,0.0
626,9.433371999999999,2.137708,0.009805999999999999
627,9.394148,2.137708,0.0
628,9.384341999999998,2.20635,0.0
629,9.364729999999998,2.15732,0.019611999999999997
630,9.394148,2.196544,0.009805999999999999
631,9.364729999999998,2.225962,0.009805999999999999
632,9.413759999999998,2.1671259999999997,-0.029418
633,9.394148,2.137708,0.07844799999999999
634,9.423566,2.1082899999999998,-0.009805999999999999
635,9.394148,2.20635,0.0
636,9.394148,2.186738,-0.019611999999999997
637,9.413759999999998,2.186738,-0.019611999999999997
638,9.413759999999998,2.186738,0.009805999999999999
639,9.394148,2.20635,0.009805999999999999
640,9.384341999999998,2.15732,-0.04903
641,9.443178,2.196544,0.0
642,9.403953999999999,2.186738,-0.07844799999999999
643,9.394148,2.1475139999999997,0.0
644,9.413759999999998,2.15732,0.0
645,9.423566,2.118096,-0.019611999999999997
646,9.394148,2.118096,-0.039223999999999995
647,9.384341999999998,2.186738,-0.009805999999999999
648,9.423566,2.1279019999999997,0.019611999999999997
649,9.394148,2.176932,0.058836
650,9.403953999999999,2.1475139999999997,0.0
651,9.394148,2.176932,0.07844799999999999
652,9.384341999999998,2.176932,-0.009805999999999999
653,9.384341999999998,2.1475139999999997,-0.019611999999999997
654,9.403953999999999,2.1279019999999997,-0.009805999999999999
655,9.413759999999998,2.1279019999999997,0.0
656,9.394148,2.15732,0.019611999999999997
657,9.384341999999998,2.225962,0.009805999999999999
658,9.384341999999998,2.176932,-0.029418
659,9.403953999999999,2.0984839999999996,-0.029418
660,9.413759999999998,2.137708,0.0
661,9.423566,2.1082899999999998,-0.019611999999999997
662,9.403953999999999,2.15732,0.0
663,9.354923999999999,2.265186,-0.04903
664,9.403953999999999,2.15732,0.0
665,9.394148,2.1475139999999997,0.0
666,9.394148,2.176932,0.009805999999999999
667,9.403953999999999,2.137708,0.029418
668,9.384341999999998,2.265186,-0.009805999999999999
669,9.394148,2.2357679999999998,0.019611999999999997
670,9.394148,2.176932,0.009805999999999999
671,9.443178,2.20635,0.0
672,9.394148,2.118096,0.019611999999999997
673,9.403953999999999,2.196544,0.0
674,9.394148,2.1671259999999997,-0.009805999999999999
675,9.423566,2.1475139999999997,0.009805999999999999
676,9.384341999999998,2.196544,-0.019611999999999997
677,9.413759999999998,2.176932,0.019611999999999997
678,9.364729999999998,2.15732,0.0
679,9.413759999999998,2.186738,0.009805999999999999
680,9.413759999999998,2.186738,-0.009805999999999999
681,9.354923999999999,2.186738,-0.019611999999999997
682,9.423566,2.1475139999999997,0.009805999999999999
683,9.413759999999998,2.1082899999999998,0.0
684,9.413759999999998,2.118096,-0.068642
685,9.374535999999999,2.265186,-0.009805999999999999
686,9.354923999999999,2.245574,-0.039223999999999995
687,9.452983999999999,2.1082899999999998,0.019611999999999997
688,9.384341999999998,2.137708,0.029418
689,9.394148,2.088678,0.019611999999999997
690,9.413759999999998,2.15732,0.029418
691,9.433371999999999,2.1671259999999997,-0.04903
692,9.403953999999999,2.216156,0.009805999999999999
693,9.384341999999998,2.196544,0.0
694,9.452983999999999,2.0788719999999996,0.009805999999999999
695,9.394148,2.0984839999999996,0.039223999999999995
696,9.374535999999999,2.216156,-0.009805999999999999
697,9.423566,2.245574,0.0
698,9.403953999999999,2.137708,0.019611999999999997
699,9.433371999999999,2.049454,0.07844799999999999
700,9.403953999999999,2.0984839999999996,0.058836
701,9.423566,2.1082899999999998,0.09806
702,9.403953999999999,2.0592599999999996,0.039223999999999995
703,9.423566,2.176932,0.039223999999999995
704,9.345118,2.225962,0.019611999999999997
705,9.452983999999999,2.0004239999999998,0.07844799999999999
706,9.413759999999998,2.1671259999999997,0.068642
707,9.423566,2.088678,0.117672
708,9.423566,2.137708,0.039223999999999995
709,9.394148,2.137708,0.08825399999999999
710,9.433371999999999,2.1279019999999997,0.09806
711,9.394148,2.029842,0.04903
712,9.433371999999999,2.118096,0.09806
713,9.413759999999998,2.088678,0.058836
714,9.413759999999998,2.118096,0.068642
715,9.354923999999999,2.186738,0.04903
716,9.423566,2.1671259999999997,0.07844799999999999
717,9.433371999999999,2.0984839999999996,0.039223999999999995
718,9.403953999999999,2.118096,0.019611999999999997
719,9.413759999999998,2.1082899999999998,0.04903
720,9.394148,2.1475139999999997,0.058836
721,9.443178,2.118096,0.068642
722,9.403953999999999,2.088678,0.08825399999999999
723,9.394148,2.1475139999999997,0.04903
724,9.384341999999998,2.15732,0.04903
725,9.433371999999999,2.118096,0.039223999999999995
726,9.394148,2.1082899999999998,0.10786599999999999
727,9.423566,2.1279019999999997,0.04903
728,9.403953999999999,2.186738,0.04903
729,9.423566,2.0788719999999996,-0.009805999999999999
730,9.403953999999999,2.176932,0.08825399999999999
731,9.423566,2.1082899999999998,0.04903
732,9.394148,2.0984839999999996,0.04903
733,9.403953999999999,2.15732,0.04903
734,9.394148,2.15732,0.039223999999999995
735,9.413759999999998,2.118096,0.009805999999999999
736,9.413759999999998,2.118096,0.068642
737,9.345118,2.1671259999999997,0.019611999999999997
738,9.423566,2.137708,0.04903
739,9.413759999999998,2.1279019999999997,0.029418
740,9.394148,2.1475139999999997,0.058836
741,9.413759999999998,2.0788719999999996,0.039223999999999995
742,9.394148,2.186738,0.039223999999999995
743,9.413759999999998,2.118096,0.04903
744,9.394148,2.176932,0.039223999999999995
745,9.394148,2.15732,0.058836
746,9.413759999999998,2.088678,0.068642
747,9.413759999999998,2.137708,0.019611999999999997
748,9.394148,2.15732,0.009805999999999999
749,9.443178,2.0984839999999996,-0.009805999999999999
750,9.384341999999998,2.15732,0.009805999999999999
751,9.394148,2.176932,0.04903
752,9.423566,2.1279019999999997,0.09806
753,9.443178,2.0984839999999996,0.029418
754,9.364729999999998,2.245574,0.029418
755,9.413759999999998,2.118096,0.019611999999999997
756,9.394148,2.0396479999999997,0.04903
757,9.452983999999999,2.088678,0.07844799999999999
758,9.413759999999998,2.049454,0.039223999999999995
759,9.384341999999998,2.1671259999999997,0.04903
760,9.403953999999999,2.216156,0.068642
761,9.403953999999999,2.176932,0.07844799999999999
762,9.394148,2.0984839999999996,0.009805999999999999
763,9.443178,2.1082899999999998,0.04903
764,9.394148,2.15732,0.039223999999999995
765,9.394148,2.0592599999999996,0.058836
766,9.423566,2.1671259999999997,0.058836
767,9.384341999999998,2.20635,0.019611999999999997
768,9.384341999999998,2.0592599999999996,0.0
769,9.354923999999999,2.225962,-0.04903
770,9.413759999999998,2.245574,-0.12747799999999998
771,9.384341999999998,2.2357679999999998,-0.068642
772,9.384341999999998,2.118096,-0.058836
773,9.452983999999999,2.1671259999999997,0.029418
774,9.403953999999999,2.15732,-0.009805999999999999
775,9.374535999999999,2.186738,-0.058836
776,9.403953999999999,2.1671259999999997,-0.08825399999999999
777,9.384341999999998,2.1279019999999997,-0.04903
778,9.413759999999998,2.15732,0.0
779,9.433371999999999,2.0788719999999996,-0.009805999999999999
780,9.374535999999999,2.1671259999999997,-0.019611999999999997
781,9.394148,2.186738,-0.12747799999999998
782,9.374535999999999,2.0984839999999996,-0.07844799999999999
783,9.413759999999998,2.1279019999999997,-0.10786599999999999
784,9.423566,2.1475139999999997,-0.039223999999999995
785,9.364729999999998,2.196544,-0.12747799999999998
786,9.403953999999999,2.186738,-0.019611999999999997
787,9.472596,2.0200359999999997,-0.068642
788,9.374535999999999,2.0200359999999997,-0.08825399999999999
789,9.433371999999999,2.1082899999999998,-0.068642
790,9.433371999999999,2.049454,-0.068642
791,9.394148,2.186738,-0.058836
792,9.433371999999999,2.216156,-0.068642
793,9.394148,2.049454,-0.07844799999999999
794,9.423566,2.0200359999999997,-0.039223999999999995
795,9.394148,2.15732,0.0
796,9.394148,2.088678,-0.019611999999999997
797,9.423566,2.118096,0.07844799999999999
798,9.433371999999999,2.1475139999999997,0.04903
799,9.354923999999999,2.118096,0.019611999999999997
800,9.433371999999999,2.1475139999999997,0.009805999999999999
801,9.413759999999998,2.118096,0.019611999999999997
802,9.384341999999998,2.1279019999999997,0.058836
803,9.384341999999998,2.1671259999999997,0.029418
804,9.413759999999998,2.1671259999999997,0.019611999999999997
805,9.403953999999999,2.118096,0.0
806,9.423566,2.0396479999999997,0.029418
807,9.423566,2.088678,0.04903
808,9.384341999999998,2.176932,0.058836
809,9.443178,2.118096,0.04903
810,9.374535999999999,2.1475139999999997,0.039223999999999995
811,9.443178,2.029842,0.009805999999999999
812,9.423566,2.0396479999999997,0.029418
813,9.462789999999998,2.0102299999999995,0.0
814,9.384341999999998,2.216156,0.07844799999999999
815,9.423566,2.1082899999999998,0.0
816,9.443178,2.1279019999999997,0.08825399999999999
817,9.403953999999999,2.0592599999999996,0.058836
818,9.423566,2.0592599999999996,0.068642
819,9.452983999999999,2.118096,0.08825399999999999
820,9.394148,2.088678,0.058836
821,9.443178,2.0984839999999996,0.07844799999999999
822,9.403953999999999,2.0788719999999996,0.058836
823,9.433371999999999,2.0200359999999997,0.039223999999999995
824,9.423566,2.0592599999999996,0.058836
825,9.403953999999999,2.1082899999999998,0.07844799999999999
826,9.443178,2.137708,0.09806
827,9.413759999999998,2.1671259999999997,0.09806
828,9.384341999999998,2.1279019999999997,0.09806
829,9.423566,2.118096,0.07844799999999999
830,9.413759999999998,2.1279019999999997,0.068642
831,9.433371999999999,2.0984839999999996,0.058836
832,9.394148,2.1671259999999997,0.04903
833,9.423566,2.1279019999999997,0.068642
834,9.394148,2.118096,0.04903
835,9.433371999999999,2.118096,0.068642
836,9.413759999999998,2.1082899999999998,-0.009805999999999999
837,9.423566,2.0788719999999996,-0.009805999999999999
838,9.413759999999998,2.029842,0.0
839,9.423566,2.088678,0.019611999999999997
840,9.433371999999999,2.0984839999999996,0.0
841,9.394148,2.0984839999999996,-0.019611999999999997
842,9.403953999999999,2.1279019999999997,-0.009805999999999999
843,9.443178,2.0200359999999997,-0.039223999999999995
844,9.413759999999998,2.0984839999999996,0.0
845,9.403953999999999,2.0984839999999996,0.009805999999999999
846,9.423566,2.1082899999999998,0.0
847,9.443178,2.088678,0.009805999999999999
848,9.384341999999998,2.118096,0.0
849,9.413759999999998,2.1082899999999998,0.019611999999999997
850,9.423566,1.980812,0.029418
851,9.394148,2.118096,0.058836
852,9.433371999999999,2.0102299999999995,0.12747799999999998
853,9.433371999999999,2.0788719999999996,0.07844799999999999
854,9.423566,2.0984839999999996,0.08825399999999999
855,9.394148,2.069066,0.10786599999999999
856,9.423566,2.0396479999999997,0.08825399999999999
857,9.423566,2.069066,0.10786599999999999
858,9.462789999999998,2.029842,0.14708999999999997
859,9.384341999999998,2.1671259999999997,0.08825399999999999
860,9.443178,1.980812,0.09806
861,9.472596,2.0396479999999997,0.09806
862,9.403953999999999,1.990618,0.08825399999999999
863,9.423566,2.0004239999999998,0.14708999999999997
864,9.452983999999999,2.0004239999999998,0.17650799999999997
865,9.413759999999998,2.088678,0.14708999999999997
866,9.462789999999998,2.0004239999999998,0.14708999999999997
867,9.452983999999999,2.0004239999999998,0.15689599999999998
868,9.423566,2.0788719999999996,0.14708999999999997
869,9.472596,2.0788719999999996,0.15689599999999998
870,9.384341999999998,2.088678,0.12747799999999998
871,9.462789999999998,2.088678,0.166702
872,9.403953999999999,2.088678,0.166702
873,9.462789999999998,2.0592599999999996,0.14708999999999997
874,9.394148,2.196544,0.17650799999999997
875,9.443178,2.0396479999999997,0.12747799999999998
876,9.413759999999998,2.088678,0.166702
877,9.433371999999999,2.1082899999999998,0.24514999999999998
878,9.403953999999999,2.0788719999999996,0.21573199999999998
879,9.443178,2.049454,0.21573199999999998
880,9.433371999999999,2.069066,0.235344
881,9.433371999999999,2.088678,0.21573199999999998
882,9.452983999999999,2.0200359999999997,0.19612
883,9.443178,2.0200359999999997,0.21573199999999998
884,9.433371999999999,2.0200359999999997,0.21573199999999998
885,9.394148,2.1082899999999998,0.21573199999999998
886,9.443178,2.0004239999999998,0.225538
887,9.413759999999998,2.0200359999999997,0.18631399999999998
888,9.423566,2.118096,0.17650799999999997
889,9.443178,2.049454,0.205926
890,9.394148,2.0788719999999996,0.14708999999999997
891,9.433371999999999,2.088678,0.19612
892,9.423566,2.0788719999999996,0.137284
893,9.423566,2.069066,0.137284
894,9.423566,2.1082899999999998,0.18631399999999998
895,9.433371999999999,2.029842,0.14708999999999997
896,9.403953999999999,2.118096,0.137284
897,9.433371999999999,2.0984839999999996,0.166702
898,9.423566,2.1082899999999998,0.117672
899,9.403953999999999,2.137708,0.15689599999999998
900,9.443178,2.0592599999999996,0.137284
901,9.403953999999999,2.0984839999999996,0.117672
902,9.443178,2.1082899999999998,0.12747799999999998
903,9.394148,2.1082899999999998,0.09806
904,9.413759999999998,2.0592599999999996,0.137284
905,9.423566,2.118096,0.137284
906,9.413759999999998,2.0592599999999996,0.117672
907,9.374535999999999,2.137708,0.07844799999999999
908,9.443178,2.137708,0.09806
909,9.413759999999998,2.0788719999999996,0.068642
910,9.394148,2.1082899999999998,0.08825399999999999
911,9.423566,2.137708,0.07844799999999999
912,9.423566,2.186738,0.07844799999999999
913,9.413759999999998,2.118096,0.04903
914,9.403953999999999,2.1475139999999997,0.07844799999999999
915,9.423566,2.1279019999999997,0.058836
916,9.403953999999999,2.118096,0.04903
917,9.374535999999999,2.118096,0.04903
918,9.394148,2.20635,0.04903
919,9.413759999999998,2.137708,0.10786599999999999
920,9.443178,2.069066,0.039223999999999995
921,9.345118,2.1671259999999997,0.068642
922,9.443178,2.186738,0.058836
923,9.423566,2.15732,0.0
924,9.345118,2.225962,-0.019611999999999997
925,9.452983999999999,2.216156,-0.009805999999999999
926,9.492208,1.9317819999999999,0.10786599999999999
927,9.482401999999999,1.8337219999999999,0.18631399999999998
928,9.394148,2.088678,0.117672
929,9.394148,2.2357679999999998,0.039223999999999995
930,9.354923999999999,2.186738,-0.019611999999999997
931,9.482401999999999,2.1082899999999998,0.058836
932,9.354923999999999,1.980812,0.04903
933,9.384341999999998,1.9415879999999999,0.12747799999999998
934,9.452983999999999,2.0788719999999996,0.029418
935,9.394148,2.1671259999999997,0.07844799999999999
936,9.462789999999998,2.069066,0.068642
937,9.403953999999999,2.0592599999999996,0.12747799999999998
938,9.443178,1.990618,0.12747799999999998
939,9.403953999999999,2.0788719999999996,0.117672
940,9.413759999999998,2.186738,0.137284
941,9.452983999999999,2.225962,0.10786599999999999
942,9.394148,1.971006,0.09806
943,9.413759999999998,2.069066,0.137284
944,9.502013999999999,2.1671259999999997,0.07844799999999999
945,9.433371999999999,2.0592599999999996,0.14708999999999997
946,9.423566,2.0592599999999996,0.07844799999999999
947,9.433371999999999,2.137708,0.14708999999999997
948,9.413759999999998,2.1671259999999997,0.09806
949,9.403953999999999,2.176932,0.10786599999999999
950,9.345118,2.3436339999999998,0.117672
951,9.423566,2.20635,0.009805999999999999
952,9.423566,2.20635,0.137284
953,9.335311999999998,2.2357679999999998,0.166702
954,9.452983999999999,2.461306,0.24514999999999998
955,9.472596,2.0004239999999998,0.34321
956,9.345118,2.3436339999999998,0.37262799999999996
957,9.580461999999999,1.882752,0.235344
958,9.521626,1.8729459999999998,-0.068642
959,9.198027999999999,2.461306,0.17650799999999997
960,9.423566,2.265186,0.019611999999999997
961,9.452983999999999,2.1671259999999997,0.38243399999999994
962,9.482401999999999,1.7650799999999998,0.323598
963,9.511819999999998,1.657214,0.333404
964,9.413759999999998,1.7062439999999996,0.5197179999999999
965,9.502013999999999,1.539542,0.5099119999999999
966,9.511819999999998,1.304198,0.5001059999999999
967,9.433371999999999,1.4414819999999997,0.5589419999999999
968,9.492208,1.304198,0.666808
969,9.521626,1.4905119999999998,0.39224
970,9.590267999999998,1.7356619999999998,0.5001059999999999
971,9.403953999999999,1.7258559999999998,0.264762
972,9.462789999999998,1.5199299999999998,0.39224
973,9.600074,2.4907239999999997,0.4216579999999999
974,9.452983999999999,2.4711119999999998,0.40204599999999996
975,9.384341999999998,1.971006,0.46088199999999996
