,x,y,z
0,9.570656,1.4120639999999998,0.137284
1,9.560849999999999,1.343422,0.068642
2,9.580461999999999,1.294392,0.09806
3,9.541237999999998,1.461094,0.10786599999999999
4,9.570656,1.343422,0.04903
5,9.600074,1.3826459999999998,0.10786599999999999
6,9.541237999999998,1.3826459999999998,0.09806
7,9.551044,1.4022579999999998,0.068642
8,9.551044,1.4218699999999997,0.058836
9,9.560849999999999,1.4120639999999998,0.15689599999999998
10,9.570656,1.343422,0.029418
11,9.551044,1.3924519999999998,0.137284
12,9.590267999999998,1.3826459999999998,0.058836
13,9.541237999999998,1.4218699999999997,0.07844799999999999
14,9.560849999999999,1.4120639999999998,0.10786599999999999
15,9.590267999999998,1.333616,0.137284
16,9.560849999999999,1.451288,0.039223999999999995
17,9.560849999999999,1.4316759999999997,0.14708999999999997
18,9.551044,1.3826459999999998,0.058836
19,9.570656,1.4316759999999997,0.12747799999999998
20,9.560849999999999,1.3924519999999998,0.068642
21,9.560849999999999,1.461094,0.09806
22,9.560849999999999,1.4316759999999997,0.08825399999999999
23,9.531431999999999,1.4807059999999999,0.09806
24,9.560849999999999,1.37284,0.039223999999999995
25,9.521626,1.4807059999999999,0.117672
26,9.570656,1.3924519999999998,0.08825399999999999
27,9.560849999999999,1.4022579999999998,0.10786599999999999
28,9.551044,1.5101239999999998,0.058836
29,9.551044,1.451288,0.10786599999999999
30,9.570656,1.461094,0.10786599999999999
31,9.531431999999999,1.4316759999999997,0.09806
32,9.560849999999999,1.4905119999999998,0.068642
33,9.541237999999998,1.461094,0.12747799999999998
34,9.560849999999999,1.461094,0.117672
35,9.560849999999999,1.4708999999999999,0.068642
36,9.541237999999998,1.4905119999999998,0.10786599999999999
37,9.541237999999998,1.5101239999999998,0.09806
38,9.541237999999998,1.549348,0.08825399999999999
39,9.511819999999998,1.451288,0.04903
40,9.590267999999998,1.4708999999999999,0.10786599999999999
41,9.541237999999998,1.4807059999999999,0.10786599999999999
42,9.551044,1.461094,0.068642
43,9.521626,1.5003179999999998,0.068642
44,9.551044,1.4807059999999999,0.08825399999999999
45,9.580461999999999,1.4218699999999997,0.117672
46,9.551044,1.5003179999999998,0.117672
47,9.560849999999999,1.3826459999999998,0.068642
48,9.570656,1.4218699999999997,0.117672
49,9.541237999999998,1.5003179999999998,0.07844799999999999
50,9.570656,1.451288,0.12747799999999998
51,9.580461999999999,1.363034,0.09806
52,9.541237999999998,1.4316759999999997,0.10786599999999999
53,9.560849999999999,1.4316759999999997,0.15689599999999998
54,9.531431999999999,1.461094,0.12747799999999998
55,9.580461999999999,1.4120639999999998,0.12747799999999998
56,9.551044,1.461094,0.137284
57,9.531431999999999,1.4316759999999997,0.12747799999999998
58,9.590267999999998,1.37284,0.117672
59,9.580461999999999,1.3924519999999998,0.15689599999999998
60,9.570656,1.353228,0.08825399999999999
61,9.541237999999998,1.363034,0.117672
62,9.570656,1.4316759999999997,0.137284
63,9.551044,1.4218699999999997,0.137284
64,9.541237999999998,1.4218699999999997,0.10786599999999999
65,9.551044,1.4316759999999997,0.15689599999999998
66,9.541237999999998,1.3924519999999998,0.117672
67,9.590267999999998,1.451288,0.15689599999999998
68,9.551044,1.4120639999999998,0.10786599999999999
69,9.551044,1.4218699999999997,0.137284
70,9.590267999999998,1.4022579999999998,0.137284
71,9.541237999999998,1.5003179999999998,0.10786599999999999
72,9.531431999999999,1.4218699999999997,0.07844799999999999
73,9.590267999999998,1.451288,0.15689599999999998
74,9.551044,1.363034,0.10786599999999999
75,9.541237999999998,1.578766,0.137284
76,9.531431999999999,1.4218699999999997,0.08825399999999999
77,9.570656,1.5101239999999998,0.12747799999999998
78,9.580461999999999,1.353228,0.08825399999999999
79,9.521626,1.4708999999999999,0.068642
80,9.580461999999999,1.3924519999999998,0.068642
81,9.570656,1.4316759999999997,0.09806
82,9.541237999999998,1.5297359999999998,0.08825399999999999
83,9.531431999999999,1.4316759999999997,0.10786599999999999
84,9.600074,1.3924519999999998,0.09806
85,9.541237999999998,1.4120639999999998,0.12747799999999998
86,9.590267999999998,1.4120639999999998,0.07844799999999999
87,9.492208,1.461094,0.10786599999999999
88,9.560849999999999,1.4218699999999997,0.04903
89,9.590267999999998,1.461094,0.117672
90,9.541237999999998,1.5297359999999998,0.117672
91,9.541237999999998,1.3826459999999998,0.039223999999999995
92,9.580461999999999,1.461094,0.09806
93,9.560849999999999,1.4708999999999999,0.039223999999999995
94,9.560849999999999,1.353228,0.029418
95,9.560849999999999,1.4414819999999997,0.07844799999999999
96,9.541237999999998,1.4414819999999997,0.10786599999999999
97,9.541237999999998,1.461094,0.10786599999999999
98,9.531431999999999,1.4414819999999997,0.039223999999999995
99,9.590267999999998,1.4120639999999998,0.039223999999999995
100,9.600074,1.343422,0.07844799999999999
101,9.521626,1.37284,0.068642
102,9.570656,1.37284,0.04903
103,9.560849999999999,1.3924519999999998,0.039223999999999995
104,9.541237999999998,1.4022579999999998,0.039223999999999995
105,9.580461999999999,1.32381,0.0
106,9.600074,1.353228,0.04903
107,9.580461999999999,1.314004,0.019611999999999997
108,9.560849999999999,1.37284,0.029418
109,9.560849999999999,1.4708999999999999,0.058836
110,9.570656,1.4022579999999998,0.039223999999999995
111,9.541237999999998,1.3924519999999998,0.0
112,9.541237999999998,1.4022579999999998,0.039223999999999995
113,9.570656,1.333616,0.029418
114,9.580461999999999,1.3924519999999998,0.019611999999999997
115,9.551044,1.4414819999999997,0.058836
116,9.551044,1.3924519999999998,0.019611999999999997
117,9.541237999999998,1.4316759999999997,0.029418
118,9.560849999999999,1.3826459999999998,0.039223999999999995
119,9.570656,1.4414819999999997,0.07844799999999999
120,9.531431999999999,1.4022579999999998,0.029418
121,9.570656,1.461094,0.08825399999999999
122,9.560849999999999,1.37284,0.068642
123,9.521626,1.3924519999999998,0.029418
124,9.560849999999999,1.3924519999999998,0.068642
125,9.570656,1.3826459999999998,0.009805999999999999
126,9.560849999999999,1.4218699999999997,0.08825399999999999
127,9.541237999999998,1.363034,0.009805999999999999
128,9.560849999999999,1.4218699999999997,0.039223999999999995
129,9.580461999999999,1.4316759999999997,0.08825399999999999
130,9.541237999999998,1.461094,0.058836
131,9.580461999999999,1.4022579999999998,0.029418
132,9.551044,1.3826459999999998,0.068642
133,9.570656,1.4807059999999999,0.07844799999999999
134,9.531431999999999,1.4218699999999997,0.068642
135,9.560849999999999,1.4708999999999999,0.058836
136,9.560849999999999,1.451288,0.08825399999999999
137,9.511819999999998,1.5199299999999998,0.068642
138,9.531431999999999,1.3924519999999998,0.068642
139,9.560849999999999,1.4905119999999998,0.10786599999999999
140,9.570656,1.4316759999999997,0.09806
141,9.502013999999999,1.4414819999999997,0.068642
142,9.570656,1.4708999999999999,0.14708999999999997
143,9.580461999999999,1.4120639999999998,0.058836
144,9.531431999999999,1.461094,0.117672
145,9.580461999999999,1.363034,0.068642
146,9.560849999999999,1.451288,0.166702
147,9.551044,1.4414819999999997,0.07844799999999999
148,9.502013999999999,1.549348,0.166702
149,9.560849999999999,1.3826459999999998,0.068642
150,9.570656,1.4414819999999997,0.166702
151,9.609879999999999,1.3826459999999998,0.10786599999999999
152,9.521626,1.559154,0.17650799999999997
153,9.570656,1.4708999999999999,0.166702
154,9.531431999999999,1.5101239999999998,0.14708999999999997
155,9.541237999999998,1.461094,0.14708999999999997
156,9.551044,1.451288,0.205926
157,9.570656,1.4316759999999997,0.137284
158,9.570656,1.461094,0.137284
159,9.521626,1.539542,0.17650799999999997
160,9.560849999999999,1.4120639999999998,0.12747799999999998
161,9.560849999999999,1.4708999999999999,0.166702
162,9.580461999999999,1.4316759999999997,0.17650799999999997
163,9.531431999999999,1.549348,0.18631399999999998
164,9.502013999999999,1.4708999999999999,0.18631399999999998
165,9.560849999999999,1.4218699999999997,0.18631399999999998
166,9.570656,1.3826459999999998,0.19612
167,9.502013999999999,1.461094,0.17650799999999997
168,9.570656,1.4120639999999998,0.205926
169,9.541237999999998,1.4708999999999999,0.12747799999999998
170,9.521626,1.5003179999999998,0.14708999999999997
171,9.551044,1.461094,0.117672
172,9.541237999999998,1.4316759999999997,0.15689599999999998
173,9.580461999999999,1.4218699999999997,0.166702
174,9.560849999999999,1.4708999999999999,0.12747799999999998
175,9.531431999999999,1.578766,0.117672
176,9.580461999999999,1.4316759999999997,0.117672
177,9.570656,1.4708999999999999,0.14708999999999997
178,9.511819999999998,1.4316759999999997,0.137284
179,9.560849999999999,1.353228,0.08825399999999999
180,9.580461999999999,1.5101239999999998,0.166702
181,9.551044,1.451288,0.09806
182,9.541237999999998,1.5003179999999998,0.08825399999999999
183,9.541237999999998,1.5003179999999998,0.117672
184,9.560849999999999,1.4708999999999999,0.117672
185,9.531431999999999,1.539542,0.137284
186,9.531431999999999,1.4316759999999997,0.068642
187,9.560849999999999,1.539542,0.137284
188,9.570656,1.461094,0.117672
189,9.580461999999999,1.3924519999999998,0.09806
190,9.511819999999998,1.4708999999999999,0.08825399999999999
191,9.590267999999998,1.4807059999999999,0.09806
192,9.560849999999999,1.4807059999999999,0.09806
193,9.531431999999999,1.4708999999999999,0.068642
194,9.570656,1.4708999999999999,0.10786599999999999
195,9.541237999999998,1.4414819999999997,0.068642
196,9.560849999999999,1.4120639999999998,0.09806
197,9.541237999999998,1.5199299999999998,0.068642
198,9.590267999999998,1.451288,0.14708999999999997
199,9.551044,1.4807059999999999,0.019611999999999997
200,9.541237999999998,1.4708999999999999,0.04903
201,9.541237999999998,1.5199299999999998,0.058836
202,9.551044,1.4708999999999999,0.10786599999999999
203,9.541237999999998,1.4708999999999999,0.04903
204,9.502013999999999,1.461094,0.07844799999999999
205,9.560849999999999,1.4708999999999999,0.08825399999999999
206,9.560849999999999,1.4414819999999997,0.07844799999999999
207,9.531431999999999,1.4905119999999998,0.058836
208,9.570656,1.4905119999999998,0.10786599999999999
209,9.541237999999998,1.451288,0.09806
210,9.560849999999999,1.4807059999999999,0.117672
211,9.551044,1.4414819999999997,0.09806
212,9.531431999999999,1.4708999999999999,0.09806
213,9.580461999999999,1.461094,0.07844799999999999
214,9.551044,1.4708999999999999,0.068642
215,9.502013999999999,1.559154,0.10786599999999999
216,9.590267999999998,1.37284,0.068642
217,9.560849999999999,1.5297359999999998,0.14708999999999997
218,9.590267999999998,1.343422,0.10786599999999999
219,9.531431999999999,1.5003179999999998,0.137284
220,9.541237999999998,1.451288,0.137284
221,9.590267999999998,1.4120639999999998,0.14708999999999997
222,9.560849999999999,1.4120639999999998,0.15689599999999998
223,9.521626,1.5101239999999998,0.17650799999999997
224,9.570656,1.3826459999999998,0.15689599999999998
225,9.590267999999998,1.4316759999999997,0.18631399999999998
226,9.511819999999998,1.4905119999999998,0.19612
227,9.590267999999998,1.314004,0.18631399999999998
228,9.551044,1.4708999999999999,0.21573199999999998
229,9.551044,1.37284,0.166702
230,9.541237999999998,1.4316759999999997,0.18631399999999998
231,9.570656,1.4316759999999997,0.18631399999999998
232,9.560849999999999,1.4708999999999999,0.17650799999999997
233,9.551044,1.4218699999999997,0.17650799999999997
234,9.570656,1.37284,0.19612
235,9.609879999999999,1.4414819999999997,0.21573199999999998
236,9.531431999999999,1.451288,0.205926
237,9.531431999999999,1.3826459999999998,0.14708999999999997
238,9.531431999999999,1.4708999999999999,0.166702
239,9.590267999999998,1.304198,0.166702
240,9.551044,1.451288,0.21573199999999998
241,9.551044,1.4022579999999998,0.166702
242,9.541237999999998,1.4708999999999999,0.19612
243,9.560849999999999,1.451288,0.17650799999999997
244,9.551044,1.461094,0.166702
245,9.531431999999999,1.451288,0.17650799999999997
246,9.570656,1.4218699999999997,0.205926
247,9.590267999999998,1.4218699999999997,0.12747799999999998
248,9.511819999999998,1.5003179999999998,0.21573199999999998
249,9.580461999999999,1.314004,0.12747799999999998
250,9.560849999999999,1.3924519999999998,0.166702
251,9.570656,1.4022579999999998,0.17650799999999997
252,9.521626,1.4414819999999997,0.15689599999999998
253,9.580461999999999,1.363034,0.166702
254,9.560849999999999,1.3924519999999998,0.21573199999999998
255,9.560849999999999,1.461094,0.17650799999999997
256,9.551044,1.4316759999999997,0.21573199999999998
257,9.570656,1.3924519999999998,0.225538
258,9.580461999999999,1.363034,0.14708999999999997
259,9.541237999999998,1.4807059999999999,0.235344
260,9.570656,1.353228,0.21573199999999998
261,9.590267999999998,1.343422,0.205926
262,9.570656,1.3924519999999998,0.225538
263,9.531431999999999,1.3826459999999998,0.166702
264,9.570656,1.363034,0.17650799999999997
265,9.580461999999999,1.353228,0.264762
266,9.590267999999998,1.2649739999999998,0.225538
267,9.511819999999998,1.5003179999999998,0.19612
268,9.570656,1.3924519999999998,0.21573199999999998
269,9.629491999999999,1.284586,0.25495599999999996
270,9.502013999999999,1.3924519999999998,0.225538
271,9.570656,1.353228,0.24514999999999998
272,9.570656,1.4414819999999997,0.25495599999999996
273,9.600074,1.3924519999999998,0.17650799999999997
274,9.560849999999999,1.4022579999999998,0.19612
275,9.502013999999999,1.37284,0.21573199999999998
276,9.609879999999999,1.294392,0.19612
277,9.560849999999999,1.3826459999999998,0.19612
278,9.482401999999999,1.4807059999999999,0.25495599999999996
279,9.600074,1.5003179999999998,0.235344
280,9.580461999999999,1.37284,0.205926
281,9.551044,1.27478,0.18631399999999998
282,9.580461999999999,1.2649739999999998,0.274568
283,9.580461999999999,1.461094,0.274568
284,9.570656,1.4218699999999997,0.284374
285,9.639297999999998,1.4218699999999997,0.225538
286,9.570656,1.27478,0.24514999999999998
287,9.609879999999999,1.147302,0.14708999999999997
288,9.639297999999998,1.196332,0.235344
289,9.560849999999999,1.2649739999999998,0.264762
290,9.609879999999999,1.2453619999999999,0.274568
291,9.570656,1.206138,0.225538
292,9.521626,1.343422,0.29417999999999994
293,9.609879999999999,1.314004,0.25495599999999996
294,9.590267999999998,1.363034,0.24514999999999998
295,9.600074,1.3924519999999998,0.225538
296,9.560849999999999,1.461094,0.205926
297,9.551044,1.4316759999999997,0.264762
298,9.560849999999999,1.4905119999999998,0.235344
299,9.511819999999998,1.363034,0.19612
300,9.580461999999999,1.461094,0.21573199999999998
301,9.619686,1.4708999999999999,0.274568
302,9.492208,1.4708999999999999,0.15689599999999998
303,9.511819999999998,1.5297359999999998,0.264762
304,9.609879999999999,1.37284,0.24514999999999998
305,9.551044,1.5199299999999998,0.235344
306,9.502013999999999,1.4414819999999997,0.235344
307,9.511819999999998,1.56896,0.34321
308,9.580461999999999,1.363034,0.284374
309,9.531431999999999,1.578766,0.29417999999999994
310,9.521626,1.4807059999999999,0.29417999999999994
311,9.600074,1.4414819999999997,0.333404
312,9.609879999999999,1.461094,0.29417999999999994
313,9.492208,1.4120639999999998,0.25495599999999996
314,9.560849999999999,1.4807059999999999,0.264762
315,9.541237999999998,1.4316759999999997,0.303986
316,9.580461999999999,1.461094,0.29417999999999994
317,9.511819999999998,1.549348,0.24514999999999998
318,9.580461999999999,1.4807059999999999,0.333404
319,9.590267999999998,1.4120639999999998,0.274568
320,9.570656,1.4120639999999998,0.274568
321,9.511819999999998,1.343422,0.205926
322,9.580461999999999,1.3826459999999998,0.264762
323,9.590267999999998,1.5101239999999998,0.25495599999999996
324,9.482401999999999,1.578766,0.284374
325,9.560849999999999,1.5199299999999998,0.274568
326,9.609879999999999,1.4905119999999998,0.264762
327,9.511819999999998,1.5297359999999998,0.18631399999999998
328,9.492208,1.539542,0.25495599999999996
329,9.560849999999999,1.539542,0.35301599999999994
330,9.462789999999998,1.343422,0.14708999999999997
331,9.541237999999998,1.4022579999999998,0.25495599999999996
332,9.639297999999998,1.4905119999999998,0.25495599999999996
333,9.502013999999999,1.5003179999999998,0.205926
334,9.511819999999998,1.6866319999999997,0.323598
335,9.551044,1.6866319999999997,0.31379199999999996
336,9.580461999999999,1.676826,0.274568
337,9.551044,1.61799,0.25495599999999996
338,9.511819999999998,1.5983779999999999,0.21573199999999998
339,9.511819999999998,1.5983779999999999,0.19612
340,9.560849999999999,1.4316759999999997,0.15689599999999998
341,9.531431999999999,1.61799,0.21573199999999998
342,9.541237999999998,1.5297359999999998,0.19612
343,9.521626,1.657214,0.205926
344,9.521626,1.5983779999999999,0.21573199999999998
345,9.570656,1.5885719999999999,0.18631399999999998
346,9.482401999999999,1.627796,0.18631399999999998
347,9.521626,1.647408,0.235344
348,9.551044,1.4905119999999998,0.235344
349,9.511819999999998,1.5199299999999998,0.117672
350,9.521626,1.7062439999999996,0.264762
351,9.531431999999999,1.66702,0.18631399999999998
352,9.551044,1.5885719999999999,0.17650799999999997
353,9.521626,1.66702,0.25495599999999996
354,9.541237999999998,1.5101239999999998,0.17650799999999997
355,9.531431999999999,1.7160499999999999,0.25495599999999996
356,9.570656,1.5983779999999999,0.08825399999999999
357,9.462789999999998,1.61799,0.166702
358,9.492208,1.627796,0.117672
359,9.590267999999998,1.676826,0.18631399999999998
360,9.452983999999999,1.6964379999999997,0.15689599999999998
361,9.531431999999999,1.61799,0.166702
362,9.541237999999998,1.637602,0.15689599999999998
363,9.502013999999999,1.7356619999999998,0.14708999999999997
364,9.551044,1.5885719999999999,0.17650799999999997
365,9.511819999999998,1.56896,0.137284
366,9.531431999999999,1.647408,0.19612
367,9.560849999999999,1.4905119999999998,0.12747799999999998
368,9.482401999999999,1.7356619999999998,0.19612
369,9.492208,1.578766,0.12747799999999998
370,9.590267999999998,1.5983779999999999,0.21573199999999998
371,9.531431999999999,1.56896,0.15689599999999998
372,9.511819999999998,1.5885719999999999,0.17650799999999997
373,9.541237999999998,1.539542,0.166702
374,9.502013999999999,1.56896,0.137284
375,9.521626,1.5983779999999999,0.225538
376,9.531431999999999,1.5983779999999999,0.19612
377,9.560849999999999,1.627796,0.225538
378,9.541237999999998,1.627796,0.19612
379,9.531431999999999,1.5297359999999998,0.235344
380,9.521626,1.559154,0.137284
381,9.541237999999998,1.5983779999999999,0.166702
382,9.531431999999999,1.4708999999999999,0.18631399999999998
383,9.570656,1.5003179999999998,0.21573199999999998
384,9.502013999999999,1.66702,0.225538
385,9.551044,1.5885719999999999,0.225538
386,9.541237999999998,1.539542,0.205926
387,9.511819999999998,1.5199299999999998,0.17650799999999997
388,9.590267999999998,1.539542,0.264762
389,9.502013999999999,1.61799,0.21573199999999998
390,9.521626,1.578766,0.235344
391,9.551044,1.61799,0.235344
392,9.521626,1.578766,0.225538
393,9.531431999999999,1.61799,0.264762
394,9.551044,1.5885719999999999,0.225538
395,9.492208,1.637602,0.274568
396,9.570656,1.5297359999999998,0.166702
397,9.492208,1.559154,0.21573199999999998
398,9.511819999999998,1.637602,0.264762
399,9.580461999999999,1.539542,0.264762
400,9.531431999999999,1.5297359999999998,0.225538
401,9.492208,1.66702,0.18631399999999998
402,9.502013999999999,1.5101239999999998,0.284374
403,9.619686,1.4708999999999999,0.235344
404,9.551044,1.56896,0.284374
405,9.482401999999999,1.5003179999999998,0.21573199999999998
406,9.600074,1.4807059999999999,0.274568
407,9.560849999999999,1.56896,0.25495599999999996
408,9.472596,1.549348,0.25495599999999996
409,9.521626,1.5297359999999998,0.19612
410,9.492208,1.676826,0.31379199999999996
411,9.511819999999998,1.549348,0.333404
412,9.560849999999999,1.6081839999999998,0.34321
413,9.551044,1.539542,0.37262799999999996
414,9.502013999999999,1.5101239999999998,0.225538
415,9.521626,1.657214,0.18631399999999998
416,9.531431999999999,1.6964379999999997,0.24514999999999998
417,9.551044,1.6866319999999997,0.235344
418,9.511819999999998,1.5101239999999998,0.166702
419,9.580461999999999,1.578766,0.21573199999999998
420,9.560849999999999,1.61799,0.24514999999999998
421,9.541237999999998,1.3826459999999998,0.24514999999999998
422,9.531431999999999,1.4708999999999999,0.205926
423,9.521626,1.657214,0.303986
424,9.551044,1.56896,0.274568
425,9.502013999999999,1.549348,0.205926
426,9.511819999999998,1.6866319999999997,0.24514999999999998
427,9.580461999999999,1.4316759999999997,0.235344
428,9.511819999999998,1.56896,0.21573199999999998
429,9.502013999999999,1.5885719999999999,0.274568
430,9.658909999999999,1.539542,0.38243399999999994
431,9.462789999999998,1.461094,0.117672
432,9.541237999999998,1.6866319999999997,0.333404
433,9.551044,1.539542,0.303986
434,9.541237999999998,1.539542,0.19612
435,9.462789999999998,1.5297359999999998,0.225538
436,9.492208,1.5101239999999998,0.284374
437,9.531431999999999,1.4807059999999999,0.19612
438,9.580461999999999,1.4218699999999997,0.24514999999999998
439,9.551044,1.61799,0.31379199999999996
440,9.502013999999999,1.637602,0.21573199999999998
441,9.551044,1.4316759999999997,0.205926
442,9.600074,1.4022579999999998,0.04903
443,9.492208,1.539542,0.029418
444,9.531431999999999,1.559154,0.019611999999999997
445,9.521626,1.5199299999999998,0.07844799999999999
446,9.590267999999998,1.539542,0.0
447,9.541237999999998,1.61799,0.039223999999999995
448,9.511819999999998,1.539542,0.0
449,9.541237999999998,1.461094,-0.009805999999999999
450,9.560849999999999,1.5199299999999998,-0.019611999999999997
451,9.560849999999999,1.5199299999999998,0.0
452,9.541237999999998,1.5983779999999999,-0.019611999999999997
453,9.531431999999999,1.4414819999999997,0.009805999999999999
454,9.551044,1.539542,0.0
455,9.570656,1.3826459999999998,0.019611999999999997
456,9.531431999999999,1.5003179999999998,0.0
457,9.541237999999998,1.353228,0.039223999999999995
458,9.580461999999999,1.37284,0.068642
459,9.541237999999998,1.549348,0.058836
460,9.492208,1.4218699999999997,0.04903
461,9.551044,1.461094,0.04903
462,9.570656,1.4414819999999997,0.09806
463,9.531431999999999,1.5199299999999998,0.039223999999999995
464,9.580461999999999,1.4316759999999997,0.07844799999999999
465,9.551044,1.363034,0.029418
466,9.511819999999998,1.4708999999999999,0.039223999999999995
467,9.511819999999998,1.5199299999999998,0.019611999999999997
468,9.531431999999999,1.5199299999999998,0.08825399999999999
469,9.570656,1.539542,0.12747799999999998
470,9.560849999999999,1.4905119999999998,0.10786599999999999
471,9.541237999999998,1.4905119999999998,0.137284
472,9.531431999999999,1.5101239999999998,0.166702
473,9.570656,1.4708999999999999,0.14708999999999997
474,9.521626,1.549348,0.12747799999999998
475,9.541237999999998,1.4905119999999998,0.15689599999999998
476,9.560849999999999,1.559154,0.17650799999999997
477,9.531431999999999,1.56896,0.18631399999999998
478,9.551044,1.5101239999999998,0.18631399999999998
479,9.560849999999999,1.539542,0.17650799999999997
480,9.511819999999998,1.578766,0.17650799999999997
481,9.541237999999998,1.4905119999999998,0.18631399999999998
482,9.560849999999999,1.5199299999999998,0.235344
483,9.521626,1.5199299999999998,0.17650799999999997
484,9.541237999999998,1.451288,0.19612
485,9.541237999999998,1.4708999999999999,0.18631399999999998
486,9.560849999999999,1.539542,0.225538
487,9.511819999999998,1.451288,0.225538
488,9.580461999999999,1.461094,0.21573199999999998
489,9.521626,1.4708999999999999,0.24514999999999998
490,9.580461999999999,1.549348,0.205926
491,9.531431999999999,1.4414819999999997,0.205926
492,9.541237999999998,1.5297359999999998,0.21573199999999998
493,9.560849999999999,1.4414819999999997,0.225538
494,9.521626,1.4905119999999998,0.19612
495,9.531431999999999,1.4316759999999997,0.19612
496,9.580461999999999,1.4905119999999998,0.225538
497,9.541237999999998,1.5199299999999998,0.17650799999999997
498,9.551044,1.4807059999999999,0.17650799999999997
499,9.551044,1.4708999999999999,0.18631399999999998
500,9.541237999999998,1.3826459999999998,0.166702
501,9.570656,1.363034,0.225538
502,9.551044,1.5003179999999998,0.21573199999999998
503,9.531431999999999,1.5199299999999998,0.19612
504,9.531431999999999,1.5101239999999998,0.17650799999999997
505,9.570656,1.3924519999999998,0.18631399999999998
506,9.531431999999999,1.4708999999999999,0.166702
507,9.570656,1.3924519999999998,0.18631399999999998
508,9.580461999999999,1.4905119999999998,0.117672
509,9.541237999999998,1.5003179999999998,0.12747799999999998
510,9.570656,1.4120639999999998,0.10786599999999999
511,9.541237999999998,1.461094,0.117672
512,9.580461999999999,1.3826459999999998,0.205926
513,9.531431999999999,1.4316759999999997,0.166702
514,9.570656,1.4120639999999998,0.137284
515,9.541237999999998,1.4218699999999997,0.09806
516,9.551044,1.4218699999999997,0.15689599999999998
517,9.580461999999999,1.37284,0.14708999999999997
518,9.551044,1.4414819999999997,0.137284
519,9.541237999999998,1.4218699999999997,0.166702
520,9.600074,1.32381,0.10786599999999999
521,9.531431999999999,1.3826459999999998,0.19612
522,9.590267999999998,1.353228,0.17650799999999997
523,9.531431999999999,1.4708999999999999,0.17650799999999997
524,9.531431999999999,1.4218699999999997,0.17650799999999997
525,9.580461999999999,1.353228,0.14708999999999997
526,9.570656,1.3826459999999998,0.15689599999999998
527,9.531431999999999,1.4120639999999998,0.19612
528,9.560849999999999,1.333616,0.19612
529,9.570656,1.353228,0.19612
530,9.560849999999999,1.3826459999999998,0.21573199999999998
531,9.551044,1.363034,0.19612
532,9.560849999999999,1.4022579999999998,0.24514999999999998
533,9.580461999999999,1.4022579999999998,0.225538
534,9.541237999999998,1.37284,0.21573199999999998
535,9.541237999999998,1.333616,0.205926
536,9.600074,1.37284,0.205926
537,9.531431999999999,1.3826459999999998,0.19612
538,9.570656,1.37284,0.19612
539,9.570656,1.363034,0.24514999999999998
540,9.590267999999998,1.343422,0.205926
541,9.531431999999999,1.4120639999999998,0.21573199999999998
542,9.560849999999999,1.4316759999999997,0.235344
543,9.551044,1.3826459999999998,0.205926
544,9.600074,1.4316759999999997,0.21573199999999998
545,9.541237999999998,1.4120639999999998,0.19612
546,9.551044,1.37284,0.19612
547,9.531431999999999,1.4905119999999998,0.235344
548,9.590267999999998,1.3924519999999998,0.166702
549,9.541237999999998,1.4414819999999997,0.21573199999999998
550,9.531431999999999,1.4414819999999997,0.19612
551,9.580461999999999,1.4708999999999999,0.225538
552,9.570656,1.451288,0.166702
553,9.531431999999999,1.5003179999999998,0.205926
554,9.551044,1.4218699999999997,0.14708999999999997
555,9.580461999999999,1.4316759999999997,0.21573199999999998
556,9.560849999999999,1.4120639999999998,0.205926
557,9.531431999999999,1.451288,0.17650799999999997
558,9.560849999999999,1.4022579999999998,0.21573199999999998
559,9.551044,1.4218699999999997,0.166702
560,9.551044,1.3924519999999998,0.166702
561,9.570656,1.4218699999999997,0.166702
562,9.541237999999998,1.3924519999999998,0.15689599999999998
563,9.570656,1.363034,0.19612
564,9.619686,1.4905119999999998,0.205926
565,9.511819999999998,1.4218699999999997,0.166702
566,9.541237999999998,1.3924519999999998,0.17650799999999997
567,9.590267999999998,1.353228,0.166702
568,9.560849999999999,1.353228,0.15689599999999998
569,9.541237999999998,1.363034,0.19612
570,9.560849999999999,1.4218699999999997,0.205926
571,9.570656,1.353228,0.19612
572,9.560849999999999,1.3924519999999998,0.17650799999999997
573,9.570656,1.294392,0.17650799999999997
574,9.570656,1.314004,0.19612
575,9.590267999999998,1.32381,0.17650799999999997
576,9.560849999999999,1.3826459999999998,0.15689599999999998
577,9.580461999999999,1.363034,0.14708999999999997
578,9.570656,1.333616,0.17650799999999997
579,9.560849999999999,1.363034,0.18631399999999998
580,9.560849999999999,1.304198,0.166702
581,9.541237999999998,1.3826459999999998,0.17650799999999997
582,9.600074,1.343422,0.205926
583,9.551044,1.353228,0.17650799999999997
584,9.541237999999998,1.4316759999999997,0.18631399999999998
585,9.560849999999999,1.4022579999999998,0.19612
586,9.551044,1.3826459999999998,0.14708999999999997
587,9.580461999999999,1.343422,0.166702
588,9.521626,1.3826459999999998,0.17650799999999997
589,9.570656,1.32381,0.12747799999999998
590,9.600074,1.3924519999999998,0.21573199999999998
591,9.541237999999998,1.4218699999999997,0.137284
592,9.570656,1.343422,0.166702
593,9.560849999999999,1.32381,0.18631399999999998
594,9.580461999999999,1.32381,0.166702
595,9.570656,1.4120639999999998,0.19612
596,9.570656,1.4316759999999997,0.15689599999999998
597,9.570656,1.3826459999999998,0.205926
598,9.590267999999998,1.37284,0.14708999999999997
599,9.541237999999998,1.363034,0.14708999999999997
600,9.570656,1.4218699999999997,0.18631399999999998
601,9.531431999999999,1.3826459999999998,0.17650799999999997
602,9.560849999999999,1.333616,0.19612
603,9.541237999999998,1.4316759999999997,0.18631399999999998
604,9.560849999999999,1.4022579999999998,0.15689599999999998
605,9.551044,1.4414819999999997,0.205926
606,9.551044,1.451288,0.17650799999999997
607,9.590267999999998,1.4414819999999997,0.205926
608,9.521626,1.3826459999999998,0.19612
609,9.570656,1.37284,0.205926
610,9.609879999999999,1.3924519999999998,0.19612
611,9.521626,1.451288,0.235344
612,9.570656,1.4218699999999997,0.15689599999999998
613,9.541237999999998,1.4414819999999997,0.225538
614,9.580461999999999,1.333616,0.205926
615,9.531431999999999,1.4022579999999998,0.205926
616,9.570656,1.3924519999999998,0.21573199999999998
617,9.570656,1.4120639999999998,0.205926
618,9.531431999999999,1.461094,0.21573199999999998
619,9.560849999999999,1.451288,0.19612
620,9.560849999999999,1.4022579999999998,0.235344
621,9.580461999999999,1.363034,0.24514999999999998
622,9.521626,1.4218699999999997,0.18631399999999998
623,9.521626,1.461094,0.205926
624,9.609879999999999,1.4905119999999998,0.264762
625,9.541237999999998,1.5297359999999998,0.25495599999999996
626,9.502013999999999,1.4414819999999997,0.235344
627,9.570656,1.37284,0.235344
628,9.541237999999998,1.353228,0.24514999999999998
629,9.551044,1.451288,0.25495599999999996
630,9.560849999999999,1.4022579999999998,0.274568
631,9.560849999999999,1.461094,0.274568
632,9.580461999999999,1.4022579999999998,0.274568
633,9.560849999999999,1.4414819999999997,0.284374
634,9.502013999999999,1.5003179999999998,0.303986
635,9.590267999999998,1.363034,0.274568
636,9.511819999999998,1.4022579999999998,0.24514999999999998
637,9.580461999999999,1.343422,0.284374
638,9.551044,1.304198,0.34321
639,9.600074,1.3826459999999998,0.43146399999999996
640,9.452983999999999,1.6866319999999997,0.24514999999999998
641,9.541237999999998,1.5297359999999998,0.24514999999999998
642,9.521626,1.4807059999999999,0.235344
643,9.668716,1.333616,0.37262799999999996
644,9.492208,1.284586,0.14708999999999997
645,9.580461999999999,1.539542,0.18631399999999998
646,9.580461999999999,1.5885719999999999,0.235344
647,9.551044,1.363034,0.07844799999999999
648,9.531431999999999,1.108078,0.38243399999999994
649,9.482401999999999,0.9707939999999999,0.470688
650,9.786387999999999,0.941376,0.451076
651,9.560849999999999,1.7846919999999997,0.5099119999999999
652,9.531431999999999,1.627796,0.451076
653,9.521626,1.343422,0.34321
654,9.668716,1.2649739999999998,0.31379199999999996
655,9.639297999999998,1.1669139999999998,0.24514999999999998
656,9.443178,1.137496,0.38243399999999994
657,9.737357999999999,1.0492419999999998,0.10786599999999999
658,9.531431999999999,1.5983779999999999,0.323598
659,9.580461999999999,2.0102299999999995,0.205926
660,9.462789999999998,1.7160499999999999,0.264762
661,9.354923999999999,1.804304,0.451076
662,9.668716,1.3924519999999998,0.284374
663,9.580461999999999,0.647196,0.08825399999999999
664,9.560849999999999,0.725644,0.38243399999999994
665,9.629491999999999,1.137496,0.333404
666,9.580461999999999,1.4120639999999998,0.63739
667,9.551044,1.461094,0.607972
668,9.511819999999998,1.2551679999999998,0.362822
669,9.541237999999998,1.4316759999999997,0.4216579999999999
670,9.551044,1.32381,0.19612
671,9.492208,1.314004,0.235344
672,9.619686,1.4120639999999998,0.09806
673,9.531431999999999,1.56896,0.07844799999999999
674,9.609879999999999,1.4218699999999997,0.12747799999999998
675,9.551044,1.37284,0.12747799999999998
676,9.580461999999999,1.4905119999999998,0.04903
677,9.639297999999998,1.4414819999999997,0.04903
678,9.580461999999999,1.22575,0.039223999999999995
679,9.580461999999999,1.22575,0.029418
680,9.560849999999999,1.27478,0.0
681,9.678522,1.088466,0.068642
682,9.590267999999998,1.088466,0.058836
683,9.678522,0.8040919999999999,0.029418
684,9.492208,1.4708999999999999,0.25495599999999996
