,x,y,z
0,7.884024,-2.99083,5.2854339999999995
1,7.8938299999999995,-2.9712179999999995,5.275628
2,7.8938299999999995,-3.0006359999999996,5.2854339999999995
3,7.864412,-2.99083,5.29524
4,7.884024,-2.99083,5.29524
5,7.874218,-2.9810239999999997,5.305046
6,7.884024,-2.99083,5.265822
7,7.8938299999999995,-2.99083,5.275628
8,7.874218,-2.99083,5.29524
9,7.884024,-2.99083,5.275628
10,7.8938299999999995,-2.99083,5.275628
11,7.884024,-2.9810239999999997,5.275628
12,7.874218,-2.9614119999999997,5.29524
13,7.884024,-3.010442,5.2854339999999995
14,7.874218,-2.9810239999999997,5.29524
15,7.884024,-3.0006359999999996,5.2854339999999995
16,7.8938299999999995,-3.0006359999999996,5.265822
17,7.844799999999999,-2.9810239999999997,5.275628
18,7.874218,-2.99083,5.314852
19,7.864412,-2.8927699999999996,5.226598
20,7.844799999999999,-3.030054,5.334464
21,7.94286,-2.9614119999999997,5.236404
22,7.952666,-2.9319939999999995,5.187374
23,7.933054,-2.9810239999999997,5.206986
24,7.913442,-2.99083,5.275628
25,7.864412,-3.010442,5.265822
26,7.933054,-2.99083,5.216792
27,7.94286,-3.0006359999999996,5.226598
28,7.884024,-2.9810239999999997,5.256016
29,7.844799999999999,-2.9712179999999995,5.29524
30,7.844799999999999,-3.0398599999999996,5.324658
31,7.8938299999999995,-2.9614119999999997,5.236404
32,7.962472,-3.0398599999999996,5.206986
33,7.952666,-3.0006359999999996,5.1971799999999995
34,7.903636,-3.010442,5.226598
35,7.8938299999999995,-3.010442,5.256016
36,7.913442,-3.0006359999999996,5.216792
37,7.933054,-3.0202479999999996,5.24621
38,7.79577,-3.079084,5.29524
39,7.844799999999999,-3.0594719999999995,5.275628
40,7.952666,-2.8437399999999995,5.216792
41,7.952666,-2.8829639999999994,5.216792
42,8.011501999999998,-2.8633519999999995,5.128538
43,7.952666,-3.13792,5.2854339999999995
44,7.776158,-3.118308,5.34427
45,7.6388739999999995,-3.147726,5.373688
46,7.785964,-3.0398599999999996,5.34427
47,7.94286,-2.9516059999999995,5.2854339999999995
48,7.903636,-2.9123819999999996,5.236404
49,7.903636,-3.0202479999999996,5.265822
50,7.884024,-3.010442,5.236404
51,7.8938299999999995,-3.0202479999999996,5.236404
52,7.952666,-3.0006359999999996,5.236404
53,7.933054,-2.9516059999999995,5.226598
54,7.874218,-3.030054,5.2854339999999995
55,7.8546059999999995,-2.99083,5.2854339999999995
56,7.834994,-3.0202479999999996,5.314852
57,7.864412,-3.010442,5.2854339999999995
58,7.903636,-2.99083,5.236404
59,7.903636,-3.0006359999999996,5.29524
60,8.011501999999998,-3.1085019999999997,5.138344
61,7.903636,-2.8927699999999996,5.108925999999999
62,7.785964,-3.0006359999999996,5.256016
63,7.805575999999999,-2.9614119999999997,5.29524
64,7.5113959999999995,-2.8829639999999994,5.167762
65,7.79577,-3.079084,5.412912
66,7.864412,-3.0398599999999996,5.09912
67,7.903636,-2.9516059999999995,5.167762
68,7.982083999999999,-3.1085019999999997,5.206986
69,7.923248,-3.1281139999999996,5.138344
70,7.972277999999998,-3.157532,5.354076
71,7.668291999999999,-2.9712179999999995,5.432524
72,7.884024,-3.0594719999999995,5.7561219999999995
73,7.452559999999999,-2.9319939999999995,5.854181999999999
74,7.550619999999999,-3.0398599999999996,5.873793999999999
75,7.74674,-3.147726,5.7561219999999995
76,7.64868,-3.353652,5.618837999999999
77,7.74674,-3.245786,5.510972
78,7.462365999999999,-3.1281139999999996,5.677673999999999
79,7.246633999999999,-3.33404,5.775733999999999
80,7.0799319999999994,-3.4713239999999996,6.118943999999999
81,6.795557999999999,-3.7066679999999996,6.0110779999999995
82,6.815169999999999,-3.4615179999999994,6.0993319999999995
83,7.393724,-3.157532,6.315064
84,7.030901999999999,-3.7458919999999996,6.334676
85,7.285857999999999,-4.187162,5.765927999999999
86,7.099543999999999,-3.961624,5.922823999999999
87,6.805363999999999,-4.402894,5.461942
88,6.893617999999999,-4.451924,6.001271999999999
89,6.6974979999999995,-4.4715359999999995,6.207197999999999
90,6.197392,-4.746104,6.236616
91,6.285646,-4.7264919999999995,5.814957999999999
92,6.726916,-4.785328,5.98166
93,6.001271999999999,-4.8147459999999995,6.030689999999999
94,6.393511999999999,-5.020671999999999,5.9718539999999996
95,6.3739,-4.697074,6.403318
96,6.079719999999999,-4.520566,5.599225999999999
97,5.873793999999999,-6.3739,5.913017999999999
98,5.540389999999999,-5.118732,6.118943999999999
99,5.265822,-6.266033999999999,6.187586
100,5.177568,-5.746315999999999,6.501378
101,5.805152,-5.746315999999999,6.060108
102,5.079508,-5.98166,6.6092439999999995
103,5.922823999999999,-4.618625999999999,5.726703999999999
104,4.971641999999999,-6.118943999999999,6.707304
105,6.069914,-4.785328,5.854181999999999
106,5.2854339999999995,-5.677673999999999,6.295452
107,6.069914,-5.00106,5.903211999999999
108,6.236616,-5.569807999999999,6.069914
109,6.71711,-4.893193999999999,5.854181999999999
110,5.7561219999999995,-4.981447999999999,5.844376
111,6.167973999999999,-5.216792,5.893406
112,5.903211999999999,-5.206986,6.128749999999999
113,5.903211999999999,-5.373688,6.069914
114,5.726703999999999,-5.236404,5.834569999999999
115,6.393511999999999,-5.324658,5.93263
116,6.217003999999999,-5.148149999999999,5.628643999999999
117,6.246422,-4.991254,5.765927999999999
118,6.383706,-5.059895999999999,5.942435999999999
119,6.305257999999999,-4.785328,5.8835999999999995
120,6.501378,-4.648044,5.922823999999999
121,6.266033999999999,-4.95203,5.952241999999999
122,6.364094,-4.903,5.913017999999999
123,6.364094,-4.8147459999999995,5.8835999999999995
124,6.305257999999999,-4.971641999999999,5.913017999999999
125,6.128749999999999,-5.177568,5.8835999999999995
126,6.069914,-5.24621,5.9718539999999996
127,6.295452,-5.089314,5.795345999999999
128,6.236616,-5.206986,5.795345999999999
129,6.344481999999999,-4.971641999999999,5.834569999999999
130,6.266033999999999,-5.118732,5.8835999999999995
131,6.256227999999999,-4.932417999999999,5.834569999999999
132,6.256227999999999,-5.079508,5.991465999999999
133,6.305257999999999,-5.010866,5.863987999999999
134,6.295452,-4.903,5.824763999999999
135,6.236616,-4.95203,5.893406
136,6.266033999999999,-4.922612,5.913017999999999
137,6.285646,-5.05009,5.903211999999999
138,6.27584,-5.108925999999999,5.844376
139,6.256227999999999,-5.0697019999999995,5.844376
140,6.295452,-5.079508,5.893406
141,6.334676,-4.893193999999999,5.824763999999999
142,6.344481999999999,-5.020671999999999,5.893406
143,6.2268099999999995,-5.128538,5.903211999999999
144,6.079719999999999,-5.108925999999999,5.913017999999999
145,6.197392,-5.079508,5.93263
146,6.217003999999999,-5.0697019999999995,5.863987999999999
147,6.266033999999999,-5.079508,5.844376
148,6.315064,-5.089314,5.854181999999999
149,6.285646,-5.05009,5.863987999999999
150,6.266033999999999,-5.00106,5.873793999999999
151,6.217003999999999,-5.040284,5.922823999999999
152,6.236616,-5.030478,5.903211999999999
153,6.2268099999999995,-5.059895999999999,5.873793999999999
154,6.246422,-5.089314,5.8835999999999995
155,6.246422,-5.089314,5.854181999999999
156,6.266033999999999,-5.089314,5.854181999999999
157,6.256227999999999,-5.040284,5.873793999999999
158,6.266033999999999,-4.991254,5.8835999999999995
159,6.246422,-5.030478,5.893406
160,6.236616,-5.05009,5.903211999999999
161,6.246422,-5.040284,5.893406
162,6.256227999999999,-5.059895999999999,5.873793999999999
163,6.2268099999999995,-5.09912,5.863987999999999
164,6.246422,-5.059895999999999,5.873793999999999
165,6.236616,-5.079508,5.8835999999999995
166,6.256227999999999,-5.030478,5.893406
167,6.236616,-5.030478,5.8835999999999995
168,6.236616,-5.089314,5.8835999999999995
169,6.236616,-5.040284,5.903211999999999
170,6.256227999999999,-5.05009,5.863987999999999
171,6.236616,-5.089314,5.873793999999999
172,6.246422,-5.079508,5.873793999999999
173,6.256227999999999,-5.040284,5.873793999999999
174,6.246422,-5.030478,5.893406
175,6.236616,-5.05009,5.893406
176,6.246422,-5.05009,5.873793999999999
177,6.246422,-5.0697019999999995,5.873793999999999
178,6.246422,-5.079508,5.873793999999999
179,6.246422,-5.079508,5.863987999999999
180,6.246422,-5.05009,5.8835999999999995
181,6.236616,-5.079508,5.873793999999999
182,6.2268099999999995,-5.0697019999999995,5.873793999999999
183,6.246422,-5.040284,5.893406
184,6.246422,-5.0697019999999995,5.873793999999999
185,6.236616,-5.09912,5.863987999999999
186,6.246422,-5.05009,5.8835999999999995
187,6.246422,-5.059895999999999,5.873793999999999
188,6.236616,-5.079508,5.8835999999999995
189,6.246422,-5.040284,5.873793999999999
190,6.246422,-5.059895999999999,5.863987999999999
191,6.236616,-5.0697019999999995,5.873793999999999
192,6.236616,-5.0697019999999995,5.873793999999999
193,6.217003999999999,-5.138344,5.873793999999999
194,6.256227999999999,-5.05009,5.844376
195,6.236616,-5.108925999999999,5.8835999999999995
196,6.256227999999999,-5.010866,5.854181999999999
197,6.246422,-5.030478,5.8835999999999995
198,6.246422,-5.0697019999999995,5.873793999999999
199,6.236616,-5.089314,5.863987999999999
200,6.236616,-5.09912,5.8835999999999995
201,6.246422,-5.079508,5.854181999999999
202,6.236616,-5.079508,5.873793999999999
203,6.2268099999999995,-5.089314,5.8835999999999995
204,6.236616,-5.05009,5.8835999999999995
205,6.246422,-5.05009,5.873793999999999
206,6.236616,-5.0697019999999995,5.8835999999999995
207,6.246422,-5.059895999999999,5.873793999999999
208,6.236616,-5.079508,5.873793999999999
209,6.2268099999999995,-5.09912,5.873793999999999
210,6.2268099999999995,-5.059895999999999,5.873793999999999
211,6.236616,-5.079508,5.873793999999999
212,6.246422,-5.079508,5.863987999999999
213,6.236616,-5.0697019999999995,5.873793999999999
214,6.246422,-5.059895999999999,5.8835999999999995
215,6.246422,-5.059895999999999,5.8835999999999995
216,6.246422,-5.05009,5.873793999999999
217,6.236616,-5.040284,5.8835999999999995
218,6.236616,-5.059895999999999,5.893406
219,6.285646,-5.030478,5.873793999999999
220,6.236616,-5.030478,5.873793999999999
221,6.236616,-5.0697019999999995,5.903211999999999
222,6.246422,-5.040284,5.863987999999999
223,6.256227999999999,-5.079508,5.873793999999999
224,6.246422,-5.05009,5.863987999999999
225,6.246422,-5.059895999999999,5.8835999999999995
226,6.236616,-5.059895999999999,5.873793999999999
227,6.246422,-5.040284,5.873793999999999
228,6.246422,-5.05009,5.8835999999999995
229,6.246422,-5.059895999999999,5.8835999999999995
230,6.246422,-5.05009,5.863987999999999
231,6.256227999999999,-5.059895999999999,5.8835999999999995
232,6.246422,-5.05009,5.873793999999999
233,6.236616,-5.059895999999999,5.8835999999999995
234,6.246422,-5.040284,5.8835999999999995
235,6.246422,-5.05009,5.8835999999999995
236,6.27584,-5.059895999999999,5.863987999999999
237,6.2268099999999995,-5.059895999999999,5.863987999999999
238,6.236616,-5.079508,5.903211999999999
239,6.246422,-5.05009,5.863987999999999
240,6.246422,-5.079508,5.873793999999999
241,6.256227999999999,-5.05009,5.873793999999999
242,6.246422,-5.040284,5.8835999999999995
243,6.236616,-5.0697019999999995,5.873793999999999
244,6.236616,-5.0697019999999995,5.8835999999999995
245,6.236616,-5.059895999999999,5.8835999999999995
246,6.246422,-5.0697019999999995,5.863987999999999
247,6.256227999999999,-5.0697019999999995,5.863987999999999
248,6.246422,-5.05009,5.873793999999999
249,6.246422,-5.05009,5.873793999999999
250,6.246422,-5.05009,5.8835999999999995
251,6.246422,-5.05009,5.8835999999999995
252,6.236616,-5.089314,5.873793999999999
253,6.246422,-5.059895999999999,5.863987999999999
254,6.236616,-5.0697019999999995,5.873793999999999
255,6.2268099999999995,-5.089314,5.873793999999999
256,6.236616,-5.05009,5.873793999999999
257,6.256227999999999,-5.05009,5.873793999999999
258,6.246422,-5.059895999999999,5.873793999999999
259,6.256227999999999,-5.05009,5.863987999999999
260,6.246422,-5.05009,5.863987999999999
261,6.236616,-5.089314,5.8835999999999995
262,6.2268099999999995,-5.0697019999999995,5.8835999999999995
263,6.236616,-5.059895999999999,5.873793999999999
264,6.246422,-5.0697019999999995,5.863987999999999
265,6.256227999999999,-5.05009,5.863987999999999
266,6.236616,-5.059895999999999,5.8835999999999995
267,6.236616,-5.059895999999999,5.873793999999999
268,6.236616,-5.0697019999999995,5.873793999999999
269,6.236616,-5.059895999999999,5.873793999999999
270,6.236616,-5.089314,5.873793999999999
271,6.266033999999999,-5.059895999999999,5.854181999999999
272,6.236616,-5.059895999999999,5.854181999999999
273,6.236616,-5.0697019999999995,5.903211999999999
274,6.246422,-5.020671999999999,5.873793999999999
275,6.246422,-5.059895999999999,5.8835999999999995
276,6.236616,-5.05009,5.873793999999999
277,6.236616,-5.079508,5.873793999999999
278,6.236616,-5.09912,5.854181999999999
279,6.197392,-5.118732,5.873793999999999
280,6.217003999999999,-5.118732,5.863987999999999
281,6.177779999999999,-5.1579559999999995,5.844376
282,6.207197999999999,-5.138344,5.854181999999999
283,6.207197999999999,-5.128538,5.854181999999999
284,6.207197999999999,-5.128538,5.863987999999999
285,6.2268099999999995,-5.118732,5.863987999999999
286,6.217003999999999,-5.108925999999999,5.873793999999999
287,6.207197999999999,-5.089314,5.863987999999999
288,6.207197999999999,-5.118732,5.863987999999999
289,6.2268099999999995,-5.108925999999999,5.863987999999999
290,6.266033999999999,-5.0697019999999995,5.854181999999999
291,6.2268099999999995,-5.108925999999999,5.834569999999999
292,6.217003999999999,-5.079508,5.8835999999999995
293,6.236616,-5.0697019999999995,5.854181999999999
294,6.2268099999999995,-5.09912,5.873793999999999
295,6.2268099999999995,-5.089314,5.863987999999999
296,6.246422,-5.089314,5.863987999999999
297,6.236616,-5.089314,5.854181999999999
298,6.217003999999999,-5.108925999999999,5.854181999999999
299,6.236616,-5.079508,5.863987999999999
300,6.256227999999999,-5.0697019999999995,5.863987999999999
301,6.246422,-5.0697019999999995,5.863987999999999
302,6.246422,-5.0697019999999995,5.854181999999999
303,6.246422,-5.059895999999999,5.863987999999999
304,6.217003999999999,-5.089314,5.8835999999999995
305,6.246422,-5.040284,5.854181999999999
306,6.236616,-5.128538,5.863987999999999
307,6.285646,-5.059895999999999,5.844376
308,6.2268099999999995,-5.079508,5.893406
309,6.1385559999999995,-5.1579559999999995,5.863987999999999
310,6.207197999999999,-5.118732,5.873793999999999
311,6.217003999999999,-5.148149999999999,5.844376
312,6.2268099999999995,-5.108925999999999,5.844376
313,6.236616,-5.09912,5.863987999999999
314,6.2268099999999995,-5.09912,5.844376
315,6.217003999999999,-5.079508,5.873793999999999
316,6.217003999999999,-5.089314,5.873793999999999
317,6.217003999999999,-5.118732,5.863987999999999
318,6.207197999999999,-5.128538,5.844376
319,6.217003999999999,-5.138344,5.844376
320,6.217003999999999,-5.128538,5.854181999999999
321,6.217003999999999,-5.108925999999999,5.854181999999999
322,6.217003999999999,-5.108925999999999,5.863987999999999
323,6.207197999999999,-5.089314,5.863987999999999
324,6.2268099999999995,-5.089314,5.854181999999999
325,6.236616,-5.09912,5.854181999999999
326,6.207197999999999,-5.138344,5.844376
327,6.207197999999999,-5.138344,5.873793999999999
328,6.207197999999999,-5.118732,5.844376
329,6.217003999999999,-5.128538,5.863987999999999
330,6.2268099999999995,-5.108925999999999,5.854181999999999
331,6.2268099999999995,-5.089314,5.854181999999999
332,6.207197999999999,-5.118732,5.854181999999999
333,6.207197999999999,-5.108925999999999,5.854181999999999
334,6.207197999999999,-5.128538,5.863987999999999
335,6.217003999999999,-5.128538,5.854181999999999
336,6.217003999999999,-5.128538,5.844376
337,6.217003999999999,-5.108925999999999,5.854181999999999
338,6.217003999999999,-5.09912,5.854181999999999
339,6.207197999999999,-5.09912,5.854181999999999
340,6.207197999999999,-5.118732,5.854181999999999
341,6.217003999999999,-5.118732,5.844376
342,6.207197999999999,-5.128538,5.854181999999999
343,6.2268099999999995,-5.128538,5.844376
344,6.2268099999999995,-5.108925999999999,5.854181999999999
345,6.197392,-5.128538,5.854181999999999
346,6.207197999999999,-5.108925999999999,5.873793999999999
347,6.217003999999999,-5.118732,5.844376
348,6.2268099999999995,-5.108925999999999,5.854181999999999
349,6.217003999999999,-5.118732,5.844376
350,6.217003999999999,-5.108925999999999,5.844376
351,6.207197999999999,-5.128538,5.854181999999999
352,6.197392,-5.118732,5.863987999999999
353,6.207197999999999,-5.128538,5.854181999999999
354,6.217003999999999,-5.128538,5.844376
355,6.2268099999999995,-5.108925999999999,5.854181999999999
356,6.217003999999999,-5.118732,5.854181999999999
357,6.217003999999999,-5.108925999999999,5.854181999999999
358,6.197392,-5.118732,5.863987999999999
359,6.207197999999999,-5.128538,5.863987999999999
360,6.236616,-5.09912,5.834569999999999
361,6.197392,-5.148149999999999,5.854181999999999
362,6.217003999999999,-5.118732,5.844376
363,6.2268099999999995,-5.108925999999999,5.863987999999999
364,6.158168,-5.138344,5.844376
365,6.207197999999999,-5.108925999999999,5.854181999999999
366,6.197392,-5.138344,5.844376
367,6.236616,-5.108925999999999,5.844376
368,6.2268099999999995,-5.09912,5.844376
369,6.217003999999999,-5.09912,5.854181999999999
370,6.207197999999999,-5.118732,5.854181999999999
371,6.197392,-5.138344,5.854181999999999
372,6.187586,-5.1579559999999995,5.854181999999999
373,6.2268099999999995,-5.148149999999999,5.844376
374,6.187586,-5.167762,5.834569999999999
375,6.207197999999999,-5.09912,5.844376
376,6.197392,-5.138344,5.873793999999999
377,6.197392,-5.118732,5.854181999999999
378,6.197392,-5.128538,5.844376
379,6.2268099999999995,-5.148149999999999,5.854181999999999
380,6.167973999999999,-5.177568,5.854181999999999
381,6.187586,-5.138344,5.863987999999999
382,6.207197999999999,-5.138344,5.844376
383,6.217003999999999,-5.128538,5.854181999999999
384,6.217003999999999,-5.108925999999999,5.844376
385,6.217003999999999,-5.108925999999999,5.854181999999999
386,6.207197999999999,-5.118732,5.863987999999999
387,6.167973999999999,-5.128538,5.854181999999999
388,6.197392,-5.167762,5.854181999999999
389,6.217003999999999,-5.138344,5.824763999999999
390,6.217003999999999,-5.138344,5.844376
391,6.217003999999999,-5.0697019999999995,5.844376
392,6.217003999999999,-5.128538,5.873793999999999
393,6.2268099999999995,-5.089314,5.863987999999999
394,6.197392,-5.030478,5.805152
395,6.217003999999999,-5.167762,5.863987999999999
396,6.236616,-5.089314,5.834569999999999
397,6.187586,-5.148149999999999,5.873793999999999
398,6.187586,-5.118732,5.834569999999999
399,6.207197999999999,-5.187374,5.844376
400,6.217003999999999,-5.108925999999999,5.814957999999999
401,6.217003999999999,-5.118732,5.854181999999999
402,6.217003999999999,-5.108925999999999,5.854181999999999
403,6.197392,-5.138344,5.854181999999999
404,6.217003999999999,-5.108925999999999,5.854181999999999
405,6.207197999999999,-5.128538,5.854181999999999
406,6.2268099999999995,-5.128538,5.844376
407,6.207197999999999,-5.1579559999999995,5.844376
408,6.217003999999999,-5.118732,5.854181999999999
409,6.217003999999999,-5.089314,5.863987999999999
410,6.2268099999999995,-5.108925999999999,5.873793999999999
411,6.246422,-5.0697019999999995,5.844376
412,6.246422,-5.089314,5.844376
413,6.2268099999999995,-5.079508,5.863987999999999
414,6.2268099999999995,-5.089314,5.863987999999999
415,6.207197999999999,-5.118732,5.854181999999999
416,6.207197999999999,-5.1579559999999995,5.844376
417,6.197392,-5.138344,5.844376
418,6.207197999999999,-5.1579559999999995,5.834569999999999
419,6.217003999999999,-5.1579559999999995,5.824763999999999
420,6.236616,-5.079508,5.863987999999999
421,6.217003999999999,-5.09912,5.863987999999999
422,6.217003999999999,-5.059895999999999,5.873793999999999
423,6.207197999999999,-5.09912,5.854181999999999
424,6.217003999999999,-5.128538,5.844376
425,6.217003999999999,-5.138344,5.834569999999999
426,6.197392,-5.167762,5.834569999999999
427,6.217003999999999,-5.118732,5.863987999999999
428,6.217003999999999,-5.118732,5.834569999999999
429,6.207197999999999,-5.108925999999999,5.854181999999999
430,6.2268099999999995,-5.089314,5.844376
431,6.217003999999999,-5.09912,5.854181999999999
432,6.197392,-5.148149999999999,5.854181999999999
433,6.207197999999999,-5.138344,5.854181999999999
434,6.197392,-5.138344,5.854181999999999
435,6.207197999999999,-5.148149999999999,5.854181999999999
436,6.217003999999999,-5.128538,5.854181999999999
437,6.2268099999999995,-5.09912,5.854181999999999
438,6.217003999999999,-5.108925999999999,5.854181999999999
439,6.217003999999999,-5.118732,5.844376
440,6.207197999999999,-5.138344,5.844376
441,6.207197999999999,-5.118732,5.863987999999999
442,6.207197999999999,-5.138344,5.844376
443,6.236616,-5.118732,5.834569999999999
444,6.197392,-5.128538,5.834569999999999
445,6.187586,-5.138344,5.873793999999999
446,6.217003999999999,-5.118732,5.844376
447,6.217003999999999,-5.138344,5.844376
448,6.217003999999999,-5.118732,5.834569999999999
449,6.217003999999999,-5.118732,5.834569999999999
450,6.207197999999999,-5.138344,5.854181999999999
451,6.197392,-5.138344,5.844376
452,6.197392,-5.128538,5.854181999999999
453,6.207197999999999,-5.138344,5.844376
454,6.217003999999999,-5.138344,5.834569999999999
455,6.217003999999999,-5.118732,5.844376
456,6.207197999999999,-5.128538,5.854181999999999
457,6.207197999999999,-5.128538,5.844376
458,6.207197999999999,-5.138344,5.844376
459,6.207197999999999,-5.128538,5.844376
460,6.197392,-5.148149999999999,5.844376
461,6.217003999999999,-5.138344,5.824763999999999
462,6.217003999999999,-5.118732,5.844376
463,6.187586,-5.1579559999999995,5.854181999999999
464,6.197392,-5.128538,5.854181999999999
465,6.217003999999999,-5.128538,5.834569999999999
466,6.207197999999999,-5.128538,5.854181999999999
467,6.217003999999999,-5.128538,5.834569999999999
468,6.207197999999999,-5.128538,5.844376
469,6.187586,-5.148149999999999,5.854181999999999
470,6.207197999999999,-5.128538,5.854181999999999
471,6.187586,-5.148149999999999,5.844376
472,6.207197999999999,-5.138344,5.834569999999999
473,6.217003999999999,-5.138344,5.844376
474,6.207197999999999,-5.128538,5.844376
475,6.207197999999999,-5.118732,5.854181999999999
476,6.207197999999999,-5.128538,5.854181999999999
477,6.207197999999999,-5.128538,5.844376
478,6.197392,-5.1579559999999995,5.854181999999999
479,6.207197999999999,-5.128538,5.844376
480,6.236616,-5.128538,5.854181999999999
481,6.177779999999999,-5.138344,5.834569999999999
482,6.207197999999999,-5.118732,5.854181999999999
483,6.207197999999999,-5.118732,5.844376
484,6.217003999999999,-5.128538,5.844376
485,6.217003999999999,-5.118732,5.844376
486,6.217003999999999,-5.118732,5.844376
487,6.197392,-5.148149999999999,5.844376
488,6.207197999999999,-5.118732,5.854181999999999
489,6.207197999999999,-5.138344,5.854181999999999
490,6.207197999999999,-5.148149999999999,5.834569999999999
491,6.207197999999999,-5.138344,5.844376
492,6.207197999999999,-5.118732,5.844376
493,6.217003999999999,-5.128538,5.844376
494,6.207197999999999,-5.128538,5.844376
495,6.197392,-5.118732,5.844376
496,6.197392,-5.148149999999999,5.854181999999999
497,6.236616,-5.138344,5.824763999999999
498,6.187586,-5.138344,5.834569999999999
499,6.197392,-5.148149999999999,5.863987999999999
500,6.207197999999999,-5.118732,5.844376
501,6.217003999999999,-5.138344,5.834569999999999
502,6.207197999999999,-5.118732,5.834569999999999
503,6.217003999999999,-5.118732,5.844376
504,6.207197999999999,-5.138344,5.834569999999999
505,6.197392,-5.138344,5.844376
506,6.197392,-5.138344,5.844376
507,6.207197999999999,-5.138344,5.844376
508,6.217003999999999,-5.148149999999999,5.844376
509,6.217003999999999,-5.128538,5.844376
510,6.217003999999999,-5.118732,5.854181999999999
511,6.207197999999999,-5.118732,5.854181999999999
512,6.207197999999999,-5.128538,5.844376
513,6.207197999999999,-5.118732,5.844376
514,6.197392,-5.148149999999999,5.844376
515,6.236616,-5.138344,5.814957999999999
516,6.197392,-5.138344,5.824763999999999
517,6.197392,-5.138344,5.873793999999999
518,6.207197999999999,-5.128538,5.844376
519,6.217003999999999,-5.118732,5.844376
520,6.217003999999999,-5.128538,5.834569999999999
521,6.217003999999999,-5.128538,5.844376
522,6.207197999999999,-5.148149999999999,5.834569999999999
523,6.197392,-5.128538,5.863987999999999
524,6.197392,-5.128538,5.854181999999999
525,6.207197999999999,-5.128538,5.844376
526,6.217003999999999,-5.138344,5.834569999999999
527,6.217003999999999,-5.148149999999999,5.834569999999999
528,6.207197999999999,-5.128538,5.844376
529,6.197392,-5.138344,5.844376
530,6.207197999999999,-5.128538,5.844376
531,6.197392,-5.128538,5.854181999999999
532,6.207197999999999,-5.118732,5.834569999999999
533,6.197392,-5.138344,5.854181999999999
534,6.246422,-5.128538,5.824763999999999
535,6.207197999999999,-5.128538,5.834569999999999
536,6.158168,-5.138344,5.863987999999999
537,6.207197999999999,-5.118732,5.844376
538,6.2268099999999995,-5.138344,5.834569999999999
539,6.217003999999999,-5.128538,5.834569999999999
540,6.207197999999999,-5.118732,5.844376
541,6.207197999999999,-5.128538,5.844376
542,6.207197999999999,-5.138344,5.844376
543,6.207197999999999,-5.089314,5.834569999999999
544,6.207197999999999,-5.177568,5.893406
545,6.217003999999999,-5.0697019999999995,5.805152
546,6.2268099999999995,-5.148149999999999,5.814957999999999
547,6.217003999999999,-5.138344,5.863987999999999
548,6.197392,-5.09912,5.854181999999999
549,6.177779999999999,-5.138344,5.854181999999999
550,6.187586,-5.1971799999999995,5.854181999999999
551,6.207197999999999,-5.128538,5.824763999999999
552,6.266033999999999,-5.108925999999999,5.824763999999999
553,6.2268099999999995,-5.09912,5.824763999999999
554,6.197392,-5.089314,5.903211999999999
555,6.187586,-5.059895999999999,5.873793999999999
556,6.207197999999999,-5.1579559999999995,5.844376
557,6.2268099999999995,-5.148149999999999,5.814957999999999
558,6.236616,-5.118732,5.824763999999999
559,6.217003999999999,-5.138344,5.854181999999999
560,6.167973999999999,-5.148149999999999,5.844376
561,6.197392,-5.108925999999999,5.873793999999999
562,6.207197999999999,-5.128538,5.844376
563,6.217003999999999,-5.118732,5.834569999999999
564,6.207197999999999,-5.167762,5.824763999999999
565,6.207197999999999,-5.1579559999999995,5.824763999999999
566,6.197392,-5.138344,5.844376
567,6.187586,-5.138344,5.834569999999999
568,6.197392,-5.1579559999999995,5.834569999999999
569,6.197392,-5.138344,5.834569999999999
570,6.207197999999999,-5.148149999999999,5.844376
571,6.285646,-5.118732,5.844376
572,6.207197999999999,-5.187374,5.844376
573,6.158168,-5.138344,5.854181999999999
574,6.207197999999999,-5.1579559999999995,5.834569999999999
575,6.217003999999999,-5.0697019999999995,5.844376
576,6.246422,-5.148149999999999,5.805152
577,6.2268099999999995,-5.167762,5.8835999999999995
578,6.109138,-5.118732,5.814957999999999
579,6.236616,-5.138344,5.844376
580,6.197392,-5.128538,5.824763999999999
581,6.207197999999999,-5.118732,5.844376
582,6.217003999999999,-5.148149999999999,5.824763999999999
583,6.217003999999999,-5.138344,5.844376
584,6.2268099999999995,-5.128538,5.824763999999999
585,6.207197999999999,-5.138344,5.834569999999999
586,6.197392,-5.118732,5.873793999999999
587,6.187586,-5.118732,5.854181999999999
588,6.266033999999999,-5.128538,5.814957999999999
589,6.256227999999999,-5.118732,5.814957999999999
590,6.177779999999999,-5.138344,5.863987999999999
591,6.187586,-5.128538,5.8835999999999995
592,6.217003999999999,-5.108925999999999,5.834569999999999
593,6.2268099999999995,-5.1579559999999995,5.824763999999999
594,6.236616,-5.108925999999999,5.814957999999999
595,6.2268099999999995,-5.09912,5.863987999999999
596,6.2268099999999995,-5.09912,5.824763999999999
597,6.207197999999999,-5.108925999999999,5.873793999999999
598,6.207197999999999,-5.108925999999999,5.854181999999999
599,6.207197999999999,-5.148149999999999,5.834569999999999
600,6.217003999999999,-5.138344,5.824763999999999
601,6.2268099999999995,-5.128538,5.844376
602,6.2268099999999995,-5.118732,5.834569999999999
603,6.217003999999999,-5.079508,5.844376
604,6.207197999999999,-5.148149999999999,5.854181999999999
605,6.207197999999999,-5.108925999999999,5.834569999999999
606,6.207197999999999,-5.118732,5.834569999999999
607,6.217003999999999,-5.167762,5.844376
608,6.217003999999999,-5.108925999999999,5.834569999999999
609,6.197392,-5.167762,5.844376
610,6.217003999999999,-5.09912,5.854181999999999
611,6.217003999999999,-5.108925999999999,5.834569999999999
612,6.236616,-5.118732,5.854181999999999
613,6.217003999999999,-5.108925999999999,5.834569999999999
614,6.217003999999999,-5.118732,5.844376
615,6.207197999999999,-5.1579559999999995,5.834569999999999
616,6.207197999999999,-5.128538,5.834569999999999
617,6.207197999999999,-5.128538,5.844376
618,6.217003999999999,-5.128538,5.844376
619,6.207197999999999,-5.118732,5.834569999999999
620,6.217003999999999,-5.118732,5.844376
621,6.217003999999999,-5.118732,5.844376
622,6.217003999999999,-5.128538,5.834569999999999
623,6.217003999999999,-5.128538,5.834569999999999
624,6.207197999999999,-5.138344,5.834569999999999
625,6.217003999999999,-5.128538,5.834569999999999
626,6.207197999999999,-5.118732,5.854181999999999
627,6.217003999999999,-5.118732,5.844376
628,6.197392,-5.118732,5.834569999999999
629,6.207197999999999,-5.128538,5.854181999999999
630,6.217003999999999,-5.118732,5.824763999999999
631,6.217003999999999,-5.148149999999999,5.834569999999999
632,6.217003999999999,-5.128538,5.834569999999999
633,6.217003999999999,-5.118732,5.844376
634,6.207197999999999,-5.138344,5.854181999999999
635,6.197392,-5.118732,5.844376
636,6.207197999999999,-5.128538,5.844376
637,6.207197999999999,-5.138344,5.834569999999999
638,6.217003999999999,-5.148149999999999,5.824763999999999
639,6.207197999999999,-5.128538,5.834569999999999
640,6.207197999999999,-5.128538,5.834569999999999
641,6.207197999999999,-5.118732,5.854181999999999
642,6.207197999999999,-5.128538,5.834569999999999
643,6.207197999999999,-5.138344,5.844376
644,6.217003999999999,-5.128538,5.834569999999999
645,6.207197999999999,-5.138344,5.854181999999999
646,6.2268099999999995,-5.118732,5.824763999999999
647,6.197392,-5.128538,5.824763999999999
648,6.187586,-5.138344,5.863987999999999
649,6.207197999999999,-5.118732,5.844376
650,6.217003999999999,-5.138344,5.834569999999999
651,6.2268099999999995,-5.118732,5.824763999999999
652,6.2268099999999995,-5.118732,5.834569999999999
653,6.207197999999999,-5.138344,5.834569999999999
654,6.197392,-5.128538,5.854181999999999
655,6.207197999999999,-5.128538,5.844376
656,6.217003999999999,-5.148149999999999,5.834569999999999
657,6.217003999999999,-5.138344,5.834569999999999
658,6.207197999999999,-5.118732,5.844376
659,6.207197999999999,-5.118732,5.844376
660,6.217003999999999,-5.118732,5.844376
661,6.207197999999999,-5.128538,5.844376
662,6.207197999999999,-5.128538,5.844376
663,6.207197999999999,-5.118732,5.854181999999999
664,6.236616,-5.128538,5.814957999999999
665,6.177779999999999,-5.128538,5.834569999999999
666,6.197392,-5.128538,5.863987999999999
667,6.217003999999999,-5.118732,5.834569999999999
668,6.217003999999999,-5.118732,5.834569999999999
669,6.236616,-5.108925999999999,5.844376
670,6.217003999999999,-5.118732,5.844376
671,6.207197999999999,-5.118732,5.834569999999999
672,6.197392,-5.148149999999999,5.854181999999999
673,6.197392,-5.128538,5.844376
674,6.207197999999999,-5.148149999999999,5.844376
675,6.217003999999999,-5.138344,5.824763999999999
676,6.217003999999999,-5.128538,5.834569999999999
677,6.207197999999999,-5.108925999999999,5.854181999999999
678,6.197392,-5.09912,5.873793999999999
679,6.207197999999999,-5.138344,5.844376
680,6.207197999999999,-5.1579559999999995,5.834569999999999
681,6.246422,-5.148149999999999,5.814957999999999
682,6.177779999999999,-5.148149999999999,5.834569999999999
683,6.177779999999999,-5.148149999999999,5.873793999999999
684,6.207197999999999,-5.128538,5.834569999999999
685,6.187586,-5.177568,5.824763999999999
686,6.187586,-5.148149999999999,5.854181999999999
687,6.217003999999999,-5.148149999999999,5.834569999999999
688,6.236616,-5.128538,5.805152
689,6.207197999999999,-5.138344,5.814957999999999
690,6.177779999999999,-5.148149999999999,5.873793999999999
691,6.177779999999999,-5.128538,5.873793999999999
692,6.177779999999999,-5.1579559999999995,5.863987999999999
693,6.187586,-5.167762,5.844376
694,6.2268099999999995,-5.167762,5.805152
695,6.217003999999999,-5.167762,5.814957999999999
696,6.187586,-5.148149999999999,5.834569999999999
697,6.197392,-5.128538,5.844376
698,6.197392,-5.09912,5.834569999999999
699,6.187586,-5.206986,5.824763999999999
700,6.187586,-5.236404,5.805152
701,6.197392,-5.167762,5.795345999999999
702,6.197392,-5.1971799999999995,5.834569999999999
703,6.217003999999999,-5.138344,5.814957999999999
704,6.207197999999999,-5.128538,5.834569999999999
705,6.197392,-5.148149999999999,5.834569999999999
706,6.187586,-5.1579559999999995,5.834569999999999
707,6.187586,-5.1579559999999995,5.834569999999999
708,6.197392,-5.167762,5.824763999999999
709,6.187586,-5.187374,5.814957999999999
710,6.207197999999999,-5.1579559999999995,5.824763999999999
711,6.197392,-5.128538,5.834569999999999
712,6.207197999999999,-5.138344,5.824763999999999
713,6.197392,-5.1579559999999995,5.824763999999999
714,6.217003999999999,-5.167762,5.814957999999999
715,6.187586,-5.187374,5.834569999999999
716,6.177779999999999,-5.187374,5.824763999999999
717,6.167973999999999,-5.177568,5.913017999999999
718,6.197392,-5.108925999999999,5.805152
719,6.197392,-5.128538,5.824763999999999
720,6.187586,-5.187374,5.824763999999999
721,6.197392,-5.128538,5.814957999999999
722,6.207197999999999,-5.1579559999999995,5.834569999999999
723,6.167973999999999,-5.1579559999999995,5.824763999999999
724,6.177779999999999,-5.177568,5.844376
725,6.197392,-5.167762,5.824763999999999
726,6.197392,-5.226598,5.844376
727,6.177779999999999,-5.324658,5.795345999999999
728,6.187586,-5.030478,5.844376
729,6.187586,-5.128538,5.824763999999999
730,6.187586,-5.177568,5.824763999999999
731,6.197392,-5.167762,5.814957999999999
732,6.177779999999999,-5.334464,5.8835999999999995
733,6.236616,-4.981447999999999,5.962047999999999
734,6.207197999999999,-4.922612,5.922823999999999
735,6.177779999999999,-5.1971799999999995,5.844376
736,6.207197999999999,-5.079508,5.8835999999999995
737,6.207197999999999,-5.138344,5.844376
738,6.207197999999999,-5.128538,5.854181999999999
739,6.207197999999999,-5.824763999999999,5.412912
740,6.266033999999999,-5.187374,5.814957999999999
741,6.167973999999999,-5.24621,5.775733999999999
742,6.187586,-5.128538,5.873793999999999
743,6.197392,-5.089314,5.854181999999999
744,6.197392,-5.118732,5.893406
745,6.197392,-5.128538,5.854181999999999
746,6.177779999999999,-5.118732,5.824763999999999
747,6.167973999999999,-5.324658,5.795345999999999
748,6.158168,-5.167762,5.834569999999999
749,6.167973999999999,-5.1971799999999995,5.863987999999999
750,6.148362,-5.29524,5.785539999999999
751,6.128749999999999,-5.29524,5.814957999999999
752,5.942435999999999,-5.461942,5.422718
753,6.256227999999999,-5.138344,6.040495999999999
754,6.158168,-4.893193999999999,5.93263
755,6.158168,-5.265822,5.814957999999999
756,6.040495999999999,-5.2854339999999995,5.707091999999999
757,6.040495999999999,-5.354076,5.805152
758,6.060108,-5.305046,5.824763999999999
759,6.030689999999999,-5.422718,5.922823999999999
760,6.109138,-5.324658,5.795345999999999
761,6.0110779999999995,-5.3933,5.814957999999999
762,5.903211999999999,-5.49136,6.040495999999999
763,5.893406,-5.403106,5.8835999999999995
764,5.903211999999999,-5.2854339999999995,5.922823999999999
765,5.824763999999999,-5.275628,5.8835999999999995
766,5.8835999999999995,-5.363882,6.040495999999999
767,5.814957999999999,-5.432524,5.893406
768,5.834569999999999,-5.216792,6.050301999999999
769,5.824763999999999,-5.24621,6.060108
770,5.805152,-4.824552,6.197392
771,5.795345999999999,-5.510972,5.98166
772,5.638449999999999,-5.726703999999999,6.040495999999999
773,5.6678679999999995,-5.206986,5.49136
774,5.687479999999999,-5.805152,5.765927999999999
775,5.697285999999999,-5.550195999999999,5.844376
776,5.765927999999999,-5.599225999999999,5.775733999999999
777,5.795345999999999,-5.805152,5.7561219999999995
778,5.785539999999999,-5.579613999999999,5.873793999999999
779,5.746315999999999,-5.648255999999999,5.687479999999999
780,5.805152,-5.540389999999999,5.707091999999999
781,5.873793999999999,-5.49136,5.8835999999999995
782,5.962047999999999,-5.3933,5.942435999999999
783,6.050301999999999,-5.09912,6.001271999999999
784,5.952241999999999,-5.49136,5.991465999999999
785,5.952241999999999,-5.305046,5.697285999999999
786,6.030689999999999,-5.363882,5.942435999999999
787,6.001271999999999,-5.383494,5.834569999999999
