,x,y,z
0,-0.44126999999999994,10.021732,-0.019611999999999997
1,-0.451076,9.992313999999999,-0.068642
2,-0.4216579999999999,10.051149999999998,-0.029418
3,-0.470688,10.041343999999999,-0.09806
4,-0.549136,9.992313999999999,-0.068642
5,-0.5197179999999999,10.021732,-0.09806
6,-0.46088199999999996,10.00212,-0.04903
7,-0.5197179999999999,9.992313999999999,-0.07844799999999999
8,-0.49029999999999996,10.011925999999999,-0.058836
9,-0.49029999999999996,10.021732,-0.068642
10,-0.44126999999999994,10.00212,-0.07844799999999999
11,-0.5197179999999999,10.00212,-0.058836
12,-0.470688,10.031537999999998,-0.039223999999999995
13,-0.451076,10.041343999999999,-0.029418
14,-0.451076,10.011925999999999,-0.09806
15,-0.411852,10.021732,0.0
16,-0.49029999999999996,9.992313999999999,0.009805999999999999
17,-0.44126999999999994,10.031537999999998,-0.019611999999999997
18,-0.44126999999999994,10.00212,-0.039223999999999995
19,-0.40204599999999996,10.021732,-0.068642
20,-0.451076,10.031537999999998,-0.09806
21,-0.451076,10.031537999999998,-0.07844799999999999
22,-0.5589419999999999,9.992313999999999,-0.10786599999999999
23,-0.49029999999999996,10.00212,-0.04903
24,-0.5099119999999999,9.972701999999998,-0.068642
25,-0.49029999999999996,10.021732,-0.058836
26,-0.46088199999999996,10.011925999999999,-0.04903
27,-0.480494,9.982508,-0.07844799999999999
28,-0.451076,10.051149999999998,-0.029418
29,-0.43146399999999996,10.00212,-0.07844799999999999
30,-0.470688,10.041343999999999,-0.09806
31,-0.5099119999999999,10.090373999999999,-0.039223999999999995
32,-0.6177779999999999,10.080568,0.009805999999999999
33,-0.676614,10.129597999999998,0.058836
34,-0.5883599999999999,10.139403999999999,-0.009805999999999999
35,-0.568748,10.188433999999999,-0.07844799999999999
36,0.225538,10.257076,0.480494
37,0.264762,10.286493999999998,-0.44126999999999994
38,0.68642,9.923672,-0.235344
39,0.941376,10.266881999999999,-1.059048
40,0.568748,9.953089999999998,-0.7060319999999999
41,0.7354499999999999,10.149209999999998,-1.5885719999999999
42,1.07866,9.698134,-1.8631399999999998
43,1.559154,8.933266,-1.81411
44,1.0394359999999998,8.688115999999999,-2.265186
45,-0.058836,9.178416,-3.0692779999999997
46,1.07866,8.67831,-2.5299479999999996
47,1.3826459999999998,8.884236,-1.7846919999999997
48,1.314004,8.305682,-2.0396479999999997
49,-1.4905119999999998,10.188433999999999,-3.716474
50,-1.108078,11.904483999999998,-3.6478319999999997
51,3.0888899999999997,10.63951,0.37262799999999996
52,2.8045159999999996,8.188009999999998,0.274568
53,-2.15732,10.629704,0.04903
54,0.657002,10.315911999999999,0.284374
55,0.24514999999999998,10.060956,-0.029418
56,-0.04903,9.992313999999999,-0.38243399999999994
57,-0.7942859999999999,10.119791999999999,-0.12747799999999998
58,-1.314004,10.109985999999997,0.15689599999999998
59,-0.46088199999999996,10.168821999999999,0.137284
60,-0.8531219999999998,9.707939999999999,-0.04903
61,-1.37284,9.678522,-0.009805999999999999
62,-1.7944979999999997,10.00212,-0.12747799999999998
63,-0.8825399999999999,10.355136,0.07844799999999999
64,-1.4807059999999999,9.894253999999998,0.31379199999999996
65,-0.902152,9.815805999999998,0.49029999999999996
66,-1.8533339999999998,10.335524,-0.49029999999999996
67,-1.2649739999999998,10.227657999999998,-0.12747799999999998
68,-1.6081839999999998,10.041343999999999,-0.264762
69,-1.147302,9.600074,0.058836
70,-0.7550619999999999,10.149209999999998,-0.137284
71,-1.343422,9.962895999999999,-0.24514999999999998
72,-0.8433159999999998,10.021732,-0.17650799999999997
73,-1.0492419999999998,10.119791999999999,-0.284374
74,-1.294392,10.237464,-0.35301599999999994
75,-0.5001059999999999,10.051149999999998,-0.598166
76,-0.068642,10.364942,-1.578766
77,0.8433159999999998,9.737357999999999,-1.7454679999999998
78,1.068854,10.59048,-1.8631399999999998
79,1.7846919999999997,11.120003999999998,-2.1671259999999997
80,0.5099119999999999,9.099968,-2.0396479999999997
81,1.902364,8.864624,-1.8239159999999999
82,1.2649739999999998,9.433371999999999,-2.9516059999999995
83,1.539542,8.452772,-2.225962
84,1.4905119999999998,8.119368,-3.0692779999999997
85,1.2453619999999999,8.246846,-3.6478319999999997
86,1.27478,8.943071999999999,-3.765504
87,1.147302,8.688115999999999,-4.991254
88,2.618202,8.688115999999999,-2.8437399999999995
89,1.627796,12.414395999999998,-3.942012
90,-1.4022579999999998,11.002332000000001,-1.2453619999999999
91,4.1283259999999995,6.0110779999999995,0.7452559999999999
92,-3.4124879999999993,11.443602,-0.823704
93,-2.637814,9.374535999999999,-0.8923459999999999
94,-1.059048,10.325717999999998,-0.303986
95,-1.1276899999999999,9.737357999999999,-0.205926
96,-1.9415879999999999,9.756969999999999,0.18631399999999998
97,-0.960988,9.776582,0.31379199999999996
98,-1.088466,9.658909999999999,0.039223999999999995
99,-1.314004,10.060956,-0.411852
100,-1.07866,9.992313999999999,-0.451076
101,-1.7160499999999999,9.492208,-0.5001059999999999
102,-1.3924519999999998,9.600074,-0.960988
103,-1.91217,9.590267999999998,-0.5001059999999999
104,-1.56896,10.237464,-0.323598
105,-2.69665,11.649527999999998,-1.5199299999999998
106,-1.9317819999999999,14.385402,-0.35301599999999994
107,0.09806,11.198451999999998,-0.24514999999999998
108,1.2355559999999999,9.060744,0.15689599999999998
109,-0.5197179999999999,9.541237999999998,-0.068642
110,-1.0198239999999998,11.924095999999999,0.5197179999999999
111,-1.578766,9.570656,-0.323598
112,-0.35301599999999994,8.87443,-1.333616
113,1.284586,8.48219,-1.215944
114,3.0398599999999996,7.374111999999999,-2.0396479999999997
115,0.9315699999999999,6.060108,-2.64762
116,-0.303986,6.5700199999999995,-4.059684
117,-0.451076,7.6388739999999995,-5.265822
118,-1.284586,14.07161,-9.688327999999998
119,3.245786,4.589208,-3.265398
120,3.853758,13.012561999999999,-0.9707939999999999
121,-1.8435279999999998,7.217216,3.1281139999999996
122,3.87337,6.256227999999999,0.941376
123,-2.64762,10.355136,1.186526
124,-2.608396,10.19824,-1.0198239999999998
125,0.14708999999999997,9.658909999999999,-0.7060319999999999
126,-3.226174,9.629491999999999,0.225538
127,-3.079084,9.305893999999999,0.0
128,-0.8531219999999998,10.041343999999999,-1.206138
129,-0.35301599999999994,9.737357999999999,-0.8923459999999999
130,-1.9513939999999999,9.609879999999999,-0.284374
131,-2.049454,9.580461999999999,-0.38243399999999994
132,-1.4905119999999998,9.864835999999999,-0.07844799999999999
133,-1.186526,9.600074,-0.411852
134,-1.4414819999999997,9.394148,0.08825399999999999
135,-3.5791899999999996,11.91429,-1.8239159999999999
136,-4.118519999999999,13.012561999999999,-0.8040919999999999
137,-1.990618,12.777217999999998,-0.657002
138,2.539754,9.354923999999999,0.529524
139,-0.7060319999999999,10.413972,-0.9707939999999999
140,-1.206138,11.276899999999998,0.823704
141,-0.7648679999999999,9.747164,-0.117672
142,-0.960988,8.433159999999999,-1.098272
143,0.941376,8.609668,-0.5589419999999999
144,1.81411,7.874218,-2.265186
145,-1.578766,9.825612,-3.6380259999999995
146,-2.412276,8.894041999999999,-3.97143
147,-1.6866319999999997,8.521414,-2.15732
148,-1.22575,8.472384,-1.147302
149,1.353228,10.894466,-3.67725
150,6.589632,5.834569999999999,-0.9217639999999999
151,7.3839179999999995,12.384977999999998,-1.627796
152,-7.070125999999999,9.129386,2.3632459999999997
153,-2.5985899999999997,9.413759999999998,-0.274568
154,-1.7356619999999998,9.600074,0.5785539999999999
155,-1.990618,9.482401999999999,-1.6866319999999997
156,-2.216156,9.698134,-0.78448
157,-2.3338279999999996,10.168821999999999,0.225538
158,-1.5101239999999998,10.011925999999999,0.235344
159,-1.108078,9.982508,-0.29417999999999994
160,-1.5885719999999999,9.972701999999998,1.1276899999999999
161,-0.5883599999999999,9.874641999999998,0.029418
162,-1.0198239999999998,9.776582,0.725644
163,-1.068854,10.041343999999999,-0.5099119999999999
164,-2.4416939999999996,10.080568,-1.990618
165,-2.520142,11.365153999999999,-0.117672
166,-1.0394359999999998,10.923884,0.7060319999999999
167,1.098272,10.649316,-0.29417999999999994
168,-2.539754,9.737357999999999,-1.6081839999999998
169,-0.941376,9.688327999999998,0.24514999999999998
170,-1.0198239999999998,10.208045999999998,-0.019611999999999997
171,-0.37262799999999996,9.609879999999999,-1.5983779999999999
172,-1.196332,11.835842,0.941376
173,-1.304198,11.129809999999999,-1.206138
174,2.559366,9.747164,-1.8337219999999999
175,1.980812,8.943071999999999,-1.3924519999999998
176,1.8435279999999998,7.236827999999999,-1.0002119999999999
177,1.549348,6.932841999999999,-2.0592599999999996
178,-0.18631399999999998,7.707516,-6.805363999999999
179,-0.9119579999999999,9.90406,-7.452559999999999
180,-0.725644,8.62928,-3.5497719999999995
181,1.804304,19.435491999999996,-5.265822
182,0.68642,4.422505999999999,1.9611999999999998
183,-3.030054,13.198876,2.667232
184,-3.245786,9.129386,-1.4316759999999997
185,1.676826,10.119791999999999,-0.17650799999999997
186,-2.686844,10.051149999999998,-0.38243399999999994
187,-3.8145339999999996,9.256863999999998,1.32381
188,-1.4905119999999998,9.786387999999999,0.19612
189,-1.4218699999999997,9.806,0.5001059999999999
190,-0.53933,9.26667,0.058836
191,-0.7452559999999999,9.923672,-0.5883599999999999
192,-1.91217,9.668716,-1.451288
193,-2.7849039999999996,9.747164,-0.37262799999999996
194,-3.6380259999999995,13.169457999999999,-1.304198
195,-1.6964379999999997,14.738417999999998,-0.8040919999999999
196,3.5301599999999995,8.511607999999999,0.46088199999999996
197,-0.24514999999999998,10.54145,-0.725644
198,-2.4024699999999997,11.610304,1.088466
199,-0.647196,9.364729999999998,1.1767199999999998
200,-1.4120639999999998,9.276475999999999,-1.804304
201,0.5001059999999999,9.737357999999999,-1.1669139999999998
202,3.4222939999999995,6.854393999999999,-1.56896
203,-0.235344,5.8835999999999995,-1.9317819999999999
204,-0.68642,5.599225999999999,-2.5299479999999996
205,-1.304198,9.776582,-7.364305999999999
206,-3.206562,17.278171999999998,-12.708575999999999
207,3.5889959999999994,0.029418,-1.4708999999999999
208,0.39224,19.56297,-4.31464
209,4.95203,2.677038,3.608608
210,-5.187374,13.797042,4.118519999999999
211,-8.590055999999999,11.237675999999999,0.29417999999999994
212,2.667232,9.060744,-0.5883599999999999
213,0.0,9.374535999999999,-0.44126999999999994
214,-3.6870559999999997,9.364729999999998,1.098272
215,-2.8535459999999997,10.217851999999999,-0.470688
216,-0.9119579999999999,9.815805999999998,0.08825399999999999
217,-0.019611999999999997,9.992313999999999,-0.451076
218,-1.0002119999999999,9.855029999999998,-0.5589419999999999
219,-2.520142,9.658909999999999,-0.5785539999999999
220,-0.35301599999999994,11.600498,-1.91217
221,-4.540178,14.218699999999998,-1.6866319999999997
222,0.24514999999999998,12.002543999999999,-1.1669139999999998
223,2.608396,9.658909999999999,-0.009805999999999999
224,-2.176932,10.49242,1.353228
225,-2.637814,9.845224,0.14708999999999997
226,-0.5001059999999999,9.894253999999998,-0.29417999999999994
227,0.37262799999999996,9.050938,-1.098272
228,-0.31379199999999996,8.442965999999998,-0.725644
229,1.461094,6.687692,-1.333616
230,-0.07844799999999999,8.550832,-1.284586
231,0.9315699999999999,10.011925999999999,-4.059684
232,12.836053999999999,10.051149999999998,-3.1281139999999996
233,-7.903636,14.689388,1.206138
234,-3.843952,8.590055999999999,-1.27478
235,-1.4316759999999997,11.335735999999999,1.098272
236,-1.7944979999999997,9.698134,0.5589419999999999
237,-0.774674,9.972701999999998,0.7158379999999999
238,-2.4711119999999998,9.551044,-0.6275839999999999
239,-1.304198,10.296299999999999,-0.12747799999999998
240,-1.902364,9.806,0.068642
241,-2.294604,10.139403999999999,0.235344
242,-1.657214,9.913865999999999,0.15689599999999998
243,-2.4024699999999997,10.178628,-0.04903
244,-2.265186,9.806,0.529524
245,-2.088678,9.786387999999999,0.14708999999999997
246,-2.2357679999999998,9.864835999999999,0.647196
247,-3.0006359999999996,9.668716,0.8040919999999999
248,-2.3338279999999996,9.845224,0.4216579999999999
249,-1.91217,9.943283999999998,0.5001059999999999
250,-1.0296299999999998,9.619686,1.1767199999999998
251,-2.294604,10.708152,-1.5101239999999998
252,-1.284586,12.335947999999998,-1.0296299999999998
253,-0.19612,9.247057999999999,-1.3924519999999998
254,0.274568,8.864624,-1.676826
255,-3.0202479999999996,10.482613999999998,-1.2453619999999999
256,-1.8729459999999998,9.541237999999998,-0.4216579999999999
257,-0.117672,9.452983999999999,-0.8727339999999999
258,0.951182,10.561061999999998,-0.21573199999999998
259,-0.9805999999999999,10.561061999999998,-2.20635
260,0.5197179999999999,10.119791999999999,-1.6866319999999997
261,1.7356619999999998,9.913865999999999,-1.7748859999999997
262,1.9317819999999999,7.678097999999999,-1.8435279999999998
263,1.7160499999999999,8.129173999999999,-2.8143219999999993
264,2.118096,7.315275999999999,-3.2850099999999998
265,-0.4216579999999999,7.64868,-6.383706
266,-2.069066,12.375172,-10.394359999999999
267,0.5785539999999999,9.452983999999999,-1.7748859999999997
268,0.411852,8.756758,3.6576379999999995
269,7.442754,6.040495999999999,-0.5883599999999999
270,-4.65785,11.355347999999998,2.274992
271,-5.256016,11.286705999999999,0.951182
272,1.4708999999999999,8.648892,-0.470688
273,-2.4907239999999997,9.16861,0.5197179999999999
274,-1.980812,9.913865999999999,0.0
275,-1.186526,9.511819999999998,0.25495599999999996
276,-0.44126999999999994,9.394148,0.40204599999999996
277,-1.7258559999999998,10.041343999999999,-0.38243399999999994
278,-1.8631399999999998,10.423777999999999,-1.882752
279,-2.74568,8.795981999999999,0.8040919999999999
280,-4.226386,13.091009999999999,-1.5199299999999998
281,-4.549984,14.454043999999998,0.6177779999999999
282,2.9810239999999997,11.531855999999998,0.235344
283,0.14708999999999997,10.855241999999999,0.37262799999999996
284,-0.8825399999999999,11.051362,0.8433159999999998
285,-0.19612,10.49242,0.7452559999999999
286,-2.588784,9.384341999999998,-1.4316759999999997
287,1.5101239999999998,7.64868,-0.35301599999999994
288,2.9614119999999997,6.854393999999999,-0.6275839999999999
289,1.206138,4.961836,-2.2553799999999997
290,-0.7942859999999999,5.520777999999999,-3.7753099999999997
291,-3.275204,12.080991999999998,-9.845224
292,3.4909359999999996,11.178839999999997,-4.324446
293,5.9718539999999996,5.471748,-0.951182
294,-4.618625999999999,9.806,5.844376
295,6.913229999999999,5.942435999999999,0.68642
296,-6.305257999999999,10.825824,1.0002119999999999
297,-1.2453619999999999,8.835206,-1.0100179999999999
298,-0.5883599999999999,9.737357999999999,-0.68642
299,-1.882752,9.717745999999998,-0.019611999999999997
300,-1.294392,9.090162,0.568748
301,-2.50053,9.766775999999998,-0.31379199999999996
302,-2.118096,9.707939999999999,-0.78448
303,-1.27478,10.00212,-1.461094
304,-1.353228,9.698134,-1.4905119999999998
305,-1.2551679999999998,10.178628,-1.363034
306,-4.873582,14.601134,-0.009805999999999999
307,-1.343422,12.11041,0.09806
308,2.5985899999999997,8.77637,-0.666808
309,-1.81411,9.21764,-0.166702
310,-2.0592599999999996,11.208257999999999,0.813898
311,-0.7354499999999999,9.433371999999999,-0.09806
312,0.38243399999999994,8.570443999999998,-2.069066
313,-1.068854,10.149209999999998,0.303986
314,-0.549136,8.305682,-0.657002
315,0.7942859999999999,8.952878,-0.7354499999999999
316,0.117672,9.933477999999997,0.35301599999999994
317,0.8629279999999999,11.394571999999998,-4.60882
318,7.629067999999999,4.402894,0.039223999999999995
319,1.7062439999999996,10.394359999999999,2.588784
320,-4.706879999999999,10.413972,0.31379199999999996
321,0.8923459999999999,9.011714,0.303986
322,-3.4124879999999993,10.531644,-0.960988
323,-3.5988019999999996,9.472596,0.9805999999999999
324,-1.61799,9.737357999999999,-0.46088199999999996
325,0.676614,10.080568,1.1178839999999999
326,-0.7354499999999999,10.188433999999999,-0.019611999999999997
327,-2.5985899999999997,9.913865999999999,0.5001059999999999
328,-2.118096,9.913865999999999,0.5197179999999999
329,-2.196544,9.727552,0.5197179999999999
330,-1.098272,9.923672,0.480494
331,-1.5297359999999998,9.953089999999998,-0.4216579999999999
332,-2.706456,9.943283999999998,-1.333616
333,-2.324022,10.668928,0.029418
334,-1.4708999999999999,10.149209999999998,0.470688
335,-0.607972,10.972914,-0.235344
336,-2.0102299999999995,9.3157,-1.1767199999999998
337,-0.15689599999999998,9.894253999999998,-0.83351
338,-0.12747799999999998,10.963108,0.264762
339,-1.657214,10.041343999999999,-2.265186
340,-2.0102299999999995,10.904272,0.568748
341,-0.31379199999999996,11.247482,-2.588784
342,1.7748859999999997,8.786176,-0.7060319999999999
343,1.5983779999999999,7.64868,-0.470688
344,3.147726,5.805152,-1.5003179999999998
345,0.5589419999999999,7.217216,-4.098908
346,-0.63739,9.727552,-6.883811999999999
347,-1.088466,11.502438,-8.040919999999998
348,2.735874,4.481342,-2.9712179999999995
349,-1.578766,15.052209999999999,-2.1475139999999997
350,5.716897999999999,6.040495999999999,1.5101239999999998
351,-2.618202,12.914501999999999,2.4024699999999997
352,-6.079719999999999,10.070761999999998,-1.657214
353,0.08825399999999999,9.580461999999999,-0.18631399999999998
354,-0.8727339999999999,9.541237999999998,-0.31379199999999996
355,-2.8241279999999995,9.600074,1.0394359999999998
356,-2.196544,9.90406,0.5001059999999999
357,-0.990406,9.325505999999999,0.166702
358,-0.9315699999999999,9.472596,0.49029999999999996
359,-1.4807059999999999,9.806,-0.5197179999999999
360,-2.3142159999999996,9.472596,-1.304198
361,-2.8633519999999995,10.463002,-0.039223999999999995
362,-4.040071999999999,13.963743999999998,-0.8040919999999999
363,-2.8143219999999993,14.493267999999999,-0.35301599999999994
364,3.030054,9.354923999999999,1.9513939999999999
365,2.049454,10.580673999999998,-0.38243399999999994
366,-1.647408,10.109985999999997,2.2357679999999998
367,-2.2357679999999998,10.257076,0.5001059999999999
368,-0.813898,8.933266,-1.8337219999999999
369,0.9217639999999999,8.217427999999998,-0.8040919999999999
370,3.079084,6.334676,-1.9317819999999999
371,0.68642,6.069914,-1.990618
372,-0.951182,6.785751999999999,-3.5203539999999998
373,-3.853758,11.953514,-8.92346
374,-2.8045159999999996,18.729459999999996,-7.913442
375,7.903636,4.873582,0.676614
376,-5.962047999999999,6.736722,4.9422239999999995
377,5.2854339999999995,6.079719999999999,-1.1178839999999999
378,-4.167549999999999,9.276475999999999,0.7942859999999999
379,-1.647408,9.11958,0.7550619999999999
380,-0.725644,9.688327999999998,-1.4218699999999997
381,-1.91217,9.756969999999999,0.6275839999999999
382,-3.079084,9.825612,1.0198239999999998
383,-3.13792,9.776582,0.25495599999999996
384,-0.9217639999999999,9.296088,-0.04903
385,-0.7158379999999999,10.19824,-0.7942859999999999
386,-1.980812,9.570656,-0.7550619999999999
387,-2.8339339999999997,9.26667,-0.8433159999999998
388,-1.5983779999999999,10.953301999999999,0.49029999999999996
389,0.029418,13.806847999999999,0.480494
390,0.8629279999999999,10.090373999999999,0.529524
391,0.44126999999999994,10.512032,0.8825399999999999
392,0.362822,10.600285999999999,1.451288
393,1.559154,10.335524,0.68642
394,0.7354499999999999,9.256863999999998,0.40204599999999996
395,-0.264762,8.766563999999999,-0.529524
396,-0.019611999999999997,8.442965999999998,-0.666808
397,0.823704,8.92346,-0.666808
398,0.40204599999999996,9.776582,-1.343422
399,-0.25495599999999996,11.335735999999999,-2.461306
400,-3.343846,10.88466,-2.7652919999999996
401,2.677038,8.138979999999998,0.274568
402,-1.66702,10.080568,-0.951182
403,-3.5399659999999997,9.629491999999999,-0.058836
404,2.539754,10.266881999999999,-0.53933
405,-1.7454679999999998,9.943283999999998,0.568748
406,0.21573199999999998,9.923672,-0.4216579999999999
407,-1.343422,10.109985999999997,0.117672
